# x(i)     phi(i)          |phi(i)|**2   p_classical(i)    vpot(i)
-10.000  0.95146040E+07  0.90527689E+14  0.00000000E+00   50.000000
 -9.950  0.58662340E+07  0.34412701E+14  0.00000000E+00   49.501250
 -9.900  0.36258082E+07  0.13146485E+14  0.00000000E+00   49.005000
 -9.850  0.22466096E+07  0.50472545E+13  0.00000000E+00   48.511250
 -9.800  0.13954950E+07  0.19474062E+13  0.00000000E+00   48.020000
 -9.750  0.86897522E+06  0.75511794E+12  0.00000000E+00   47.531250
 -9.700  0.54245725E+06  0.29425987E+12  0.00000000E+00   47.045000
 -9.650  0.33947142E+06  0.11524085E+12  0.00000000E+00   46.561250
 -9.600  0.21297129E+06  0.45356770E+11  0.00000000E+00   46.080000
 -9.550  0.13394287E+06  0.17940693E+11  0.00000000E+00   45.601250
 -9.500  0.84449959E+05  0.71317956E+10  0.00000000E+00   45.125000
 -9.450  0.53377857E+05  0.28491956E+10  0.00000000E+00   44.651250
 -9.400  0.33822466E+05  0.11439592E+10  0.00000000E+00   44.180000
 -9.350  0.21484855E+05  0.46159898E+09  0.00000000E+00   43.711250
 -9.300  0.13681798E+05  0.18719160E+09  0.00000000E+00   43.245000
 -9.250  0.87345019E+04  0.76291523E+08  0.00000000E+00   42.781250
 -9.200  0.55900784E+04  0.31248977E+08  0.00000000E+00   42.320000
 -9.150  0.35866009E+04  0.12863706E+08  0.00000000E+00   41.861250
 -9.100  0.23069289E+04  0.53219208E+07  0.00000000E+00   41.405000
 -9.050  0.14875513E+04  0.22128090E+07  0.00000000E+00   40.951250
 -9.000  0.96160549E+03  0.92468511E+06  0.00000000E+00   40.500000
 -8.950  0.62317459E+03  0.38834657E+06  0.00000000E+00   40.051250
 -8.900  0.40486571E+03  0.16391624E+06  0.00000000E+00   39.605000
 -8.850  0.26369466E+03  0.69534873E+05  0.00000000E+00   39.161250
 -8.800  0.17217948E+03  0.29645772E+05  0.00000000E+00   38.720000
 -8.750  0.11270723E+03  0.12702920E+05  0.00000000E+00   38.281250
 -8.700  0.73962769E+02  0.54704912E+04  0.00000000E+00   37.845000
 -8.650  0.48659336E+02  0.23677310E+04  0.00000000E+00   37.411250
 -8.600  0.32093087E+02  0.10299662E+04  0.00000000E+00   36.980000
 -8.550  0.21220213E+02  0.45029744E+03  0.00000000E+00   36.551250
 -8.500  0.14066356E+02  0.19786237E+03  0.00000000E+00   36.125000
 -8.450  0.93477641E+01  0.87380693E+02  0.00000000E+00   35.701250
 -8.400  0.62277166E+01  0.38784454E+02  0.00000000E+00   35.280000
 -8.350  0.41595427E+01  0.17301795E+02  0.00000000E+00   34.861250
 -8.300  0.27852145E+01  0.77574201E+01  0.00000000E+00   34.445000
 -8.250  0.18696863E+01  0.34957270E+01  0.00000000E+00   34.031250
 -8.200  0.12582780E+01  0.15832634E+01  0.00000000E+00   33.620000
 -8.150  0.84895149E+00  0.72071863E+00  0.00000000E+00   33.211250
 -8.100  0.57423323E+00  0.32974380E+00  0.00000000E+00   32.805000
 -8.050  0.38939795E+00  0.15163077E+00  0.00000000E+00   32.401250
 -8.000  0.26472785E+00  0.70080836E-01  0.00000000E+00   32.000000
 -7.950  0.18042927E+00  0.32554721E-01  0.00000000E+00   31.601250
 -7.900  0.12328677E+00  0.15199627E-01  0.00000000E+00   31.205000
 -7.850  0.84455674E-01  0.71327609E-02  0.00000000E+00   30.811250
 -7.800  0.58002254E-01  0.33642614E-02  0.00000000E+00   30.420000
 -7.750  0.39936072E-01  0.15948899E-02  0.00000000E+00   30.031250
 -7.700  0.27567099E-01  0.75994497E-03  0.00000000E+00   29.645000
 -7.650  0.19077560E-01  0.36395331E-03  0.00000000E+00   29.261250
 -7.600  0.13236143E-01  0.17519548E-03  0.00000000E+00   28.880000
 -7.550  0.92067796E-02  0.84764791E-04  0.00000000E+00   28.501250
 -7.500  0.64204070E-02  0.41221626E-04  0.00000000E+00   28.125000
 -7.450  0.44887636E-02  0.20148999E-04  0.00000000E+00   27.751250
 -7.400  0.31463073E-02  0.98992495E-05  0.00000000E+00   27.380000
 -7.350  0.22109893E-02  0.48884735E-05  0.00000000E+00   27.011250
 -7.300  0.15577010E-02  0.24264325E-05  0.00000000E+00   26.645000
 -7.250  0.11002578E-02  0.12105673E-05  0.00000000E+00   26.281250
 -7.200  0.77914559E-03  0.60706785E-06  0.00000000E+00   25.920000
 -7.150  0.55316855E-03  0.30599545E-06  0.00000000E+00   25.561250
 -7.100  0.39374223E-03  0.15503294E-06  0.00000000E+00   25.205000
 -7.050  0.28098498E-03  0.78952557E-07  0.00000000E+00   24.851250
 -7.000  0.20103502E-03  0.40415080E-07  0.00000000E+00   24.500000
 -6.950  0.14420449E-03  0.20794934E-07  0.00000000E+00   24.151250
 -6.900  0.10370629E-03  0.10754995E-07  0.00000000E+00   23.805000
 -6.850  0.74774147E-04  0.55911731E-08  0.00000000E+00   23.461250
 -6.800  0.54052816E-04  0.29217069E-08  0.00000000E+00   23.120000
 -6.750  0.39174700E-04  0.15346571E-08  0.00000000E+00   22.781250
 -6.700  0.28465092E-04  0.81026149E-09  0.00000000E+00   22.445000
 -6.650  0.20736548E-04  0.43000442E-09  0.00000000E+00   22.111250
 -6.600  0.15145075E-04  0.22937329E-09  0.00000000E+00   21.780000
 -6.550  0.11089342E-04  0.12297350E-09  0.00000000E+00   21.451250
 -6.500  0.81398613E-05  0.66257343E-10  0.00000000E+00   21.125000
 -6.450  0.59891209E-05  0.35869569E-10  0.00000000E+00   20.801250
 -6.400  0.44163797E-05  0.19504410E-10  0.00000000E+00   20.480000
 -6.350  0.32627616E-05  0.10645613E-10  0.00000000E+00   20.161250
 -6.300  0.24135859E-05  0.58253969E-11  0.00000000E+00   19.845000
 -6.250  0.17858011E-05  0.31890856E-11  0.00000000E+00   19.531250
 -6.200  0.13190209E-05  0.17398162E-11  0.00000000E+00   19.220000
 -6.150  0.96910857E-06  0.93917142E-12  0.00000000E+00   18.911250
 -6.100  0.70356507E-06  0.49500381E-12  0.00000000E+00   18.605000
 -6.050  0.49819535E-06  0.24819860E-12  0.00000000E+00   18.301250
 -6.000  0.33467812E-06  0.11200944E-12  0.00000000E+00   18.000000
 -5.950  0.19877249E-06  0.39510504E-13  0.00000000E+00   17.701250
 -5.900  0.78969067E-07  0.62361135E-14  0.00000000E+00   17.405000
 -5.850 -0.34554190E-07  0.11939920E-14  0.00000000E+00   17.111250
 -5.800 -0.15077468E-06  0.22733005E-13  0.00000000E+00   16.820000
 -5.750 -0.27854481E-06  0.77587213E-13  0.00000000E+00   16.531250
 -5.700 -0.42724987E-06  0.18254245E-12  0.00000000E+00   16.245000
 -5.650 -0.60745476E-06  0.36900129E-12  0.00000000E+00   15.961250
 -5.600 -0.83158361E-06  0.69153130E-12  0.00000000E+00   15.680000
 -5.550 -0.11146734E-05  0.12424967E-11  0.00000000E+00   15.401250
 -5.500 -0.14752421E-05  0.21763391E-11  0.00000000E+00   15.125000
 -5.450 -0.19363145E-05  0.37493139E-11  0.00000000E+00   14.851250
 -5.400 -0.25266518E-05  0.63839695E-11  0.00000000E+00   14.580000
 -5.350 -0.32822371E-05  0.10773081E-10  0.00000000E+00   14.311250
 -5.300 -0.42480766E-05  0.18046155E-10  0.00000000E+00   14.045000
 -5.250 -0.54803850E-05  0.30034620E-10  0.00000000E+00   13.781250
 -5.200 -0.70492340E-05  0.49691701E-10  0.00000000E+00   13.520000
 -5.150 -0.90417558E-05  0.81753348E-10  0.00000000E+00   13.261250
 -5.100 -0.11566007E-04  0.13377252E-09  0.00000000E+00   13.005000
 -5.050 -0.14755615E-04  0.21772818E-09  0.00000000E+00   12.751250
 -5.000 -0.18775348E-04  0.35251369E-09  0.00000000E+00   12.500000
 -4.950 -0.23827762E-04  0.56776222E-09  0.00000000E+00   12.251250
 -4.900 -0.30161113E-04  0.90969272E-09  0.00000000E+00   12.005000
 -4.850 -0.38078735E-04  0.14499901E-08  0.00000000E+00   11.761250
 -4.800 -0.47950109E-04  0.22992130E-08  0.00000000E+00   11.520000
 -4.750 -0.60223878E-04  0.36269154E-08  0.00000000E+00   11.281250
 -4.700 -0.75443088E-04  0.56916595E-08  0.00000000E+00   11.045000
 -4.650 -0.94262966E-04  0.88855068E-08  0.00000000E+00   10.811250
 -4.600 -0.11747156E-03  0.13799567E-07  0.00000000E+00   10.580000
 -4.550 -0.14601359E-03  0.21319969E-07  0.00000000E+00   10.351250
 -4.500 -0.18101792E-03  0.32767488E-07  0.00000000E+00   10.125000
 -4.450 -0.22382900E-03  0.50099423E-07  0.00000000E+00    9.901250
 -4.400 -0.27604274E-03  0.76199594E-07  0.00000000E+00    9.680000
 -4.350 -0.33954716E-03  0.11529228E-06  0.00000000E+00    9.461250
 -4.300 -0.41656835E-03  0.17352919E-06  0.00000000E+00    9.245000
 -4.250 -0.50972196E-03  0.25981648E-06  0.00000000E+00    9.031250
 -4.200 -0.62207078E-03  0.38697206E-06  0.00000000E+00    8.820000
 -4.150 -0.75718861E-03  0.57333459E-06  0.00000000E+00    8.611250
 -4.100 -0.91923071E-03  0.84498509E-06  0.00000000E+00    8.405000
 -4.050 -0.11130110E-02  0.12387936E-05  0.00000000E+00    8.201250
 -4.000 -0.13440864E-02  0.18065682E-05  0.00000000E+00    8.000000
 -3.950 -0.16188471E-02  0.26206660E-05  0.00000000E+00    7.801250
 -3.900 -0.19446149E-02  0.37815270E-05  0.00000000E+00    7.605000
 -3.850 -0.23297458E-02  0.54277153E-05  0.00000000E+00    7.411250
 -3.800 -0.27837398E-02  0.77492071E-05  0.00000000E+00    7.220000
 -3.750 -0.33173542E-02  0.11004839E-04  0.00000000E+00    7.031250
 -3.700 -0.39427206E-02  0.15545046E-04  0.00000000E+00    6.845000
 -3.650 -0.46734640E-02  0.21841265E-04  0.00000000E+00    6.661250
 -3.600 -0.55248210E-02  0.30523648E-04  0.00000000E+00    6.480000
 -3.550 -0.65137570E-02  0.42429030E-04  0.00000000E+00    6.301250
 -3.500 -0.76590765E-02  0.58661452E-04  0.00000000E+00    6.125000
 -3.450 -0.89815271E-02  0.80667829E-04  0.00000000E+00    5.951250
 -3.400 -0.10503890E-01  0.11033171E-03  0.00000000E+00    5.780000
 -3.350 -0.12251057E-01  0.15008841E-03  0.00000000E+00    5.611250
 -3.300 -0.14250084E-01  0.20306490E-03  0.00000000E+00    5.445000
 -3.250 -0.16530222E-01  0.27324823E-03  0.00000000E+00    5.281250
 -3.200 -0.19122916E-01  0.36568592E-03  0.00000000E+00    5.120000
 -3.150 -0.22061773E-01  0.48672181E-03  0.00000000E+00    4.961250
 -3.100 -0.25382479E-01  0.64427022E-03  0.00000000E+00    4.805000
 -3.050 -0.29122680E-01  0.84813048E-03  0.00000000E+00    4.651250
 -3.000 -0.33321802E-01  0.11103425E-02  0.00000000E+00    4.500000
 -2.950 -0.38020817E-01  0.14455825E-02  0.00000000E+00    4.351250
 -2.900 -0.43261940E-01  0.18715954E-02  0.00000000E+00    4.205000
 -2.850 -0.49088265E-01  0.24096577E-02  0.00000000E+00    4.061250
 -2.800 -0.55543323E-01  0.30850607E-02  0.00000000E+00    3.920000
 -2.750 -0.62670563E-01  0.39275995E-02  0.00000000E+00    3.781250
 -2.700 -0.70512762E-01  0.49720496E-02  0.00000000E+00    3.645000
 -2.650 -0.79111348E-01  0.62586054E-02  0.00000000E+00    3.511250
 -2.600 -0.88505652E-01  0.78332505E-02  0.00000000E+00    3.380000
 -2.550 -0.98732083E-01  0.97480241E-02  0.00000000E+00    3.251250
 -2.500 -0.10982323E+00  0.12061142E-01  0.00000000E+00    3.125000
 -2.450 -0.12180690E+00  0.14836922E-01  0.00000000E+00    3.001250
 -2.400 -0.13470513E+00  0.18145471E-01  0.00000000E+00    2.880000
 -2.350 -0.14853308E+00  0.22062076E-01  0.00000000E+00    2.761250
 -2.300 -0.16329801E+00  0.26666241E-01  0.00000000E+00    2.645000
 -2.250 -0.17899814E+00  0.32040335E-01  0.00000000E+00    2.531250
 -2.200 -0.19562158E+00  0.38267804E-01  0.00000000E+00    2.420000
 -2.150 -0.21314526E+00  0.45430904E-01  0.00000000E+00    2.311250
 -2.100 -0.23153393E+00  0.53607962E-01  0.00000000E+00    2.205000
 -2.050 -0.25073921E+00  0.62870151E-01  0.00000000E+00    2.101250
 -2.000 -0.27069876E+00  0.73277820E-01  0.00000000E+00    2.000000
 -1.950 -0.29133559E+00  0.84876426E-01  0.00000000E+00    1.901250
 -1.900 -0.31255748E+00  0.97692178E-01  0.00000000E+00    1.805000
 -1.850 -0.33425663E+00  0.11172749E+00  0.00000000E+00    1.711250
 -1.800 -0.35630949E+00  0.12695645E+00  0.00000000E+00    1.620000
 -1.750 -0.37857683E+00  0.14332042E+00  0.00000000E+00    1.531250
 -1.700 -0.40090407E+00  0.16072407E+00  0.96316782E+00    1.445000
 -1.650 -0.42312184E+00  0.17903209E+00  0.60510537E+00    1.361250
 -1.600 -0.44504690E+00  0.19806674E+00  0.48029692E+00    1.280000
 -1.550 -0.46648327E+00  0.21760664E+00  0.41206466E+00    1.201250
 -1.500 -0.48722375E+00  0.23738698E+00  0.36774423E+00    1.125000
 -1.450 -0.50705163E+00  0.25710135E+00  0.33614144E+00    1.051250
 -1.400 -0.52574281E+00  0.27640550E+00  0.31224586E+00    0.980000
 -1.350 -0.54306808E+00  0.29492294E+00  0.29343630E+00    0.911250
 -1.300 -0.55879576E+00  0.31225270E+00  0.27819163E+00    0.845000
 -1.250 -0.57269447E+00  0.32797895E+00  0.26556099E+00    0.781250
 -1.200 -0.58453618E+00  0.34168254E+00  0.25491573E+00    0.720000
 -1.150 -0.59409934E+00  0.35295403E+00  0.24582160E+00    0.661250
 -1.100 -0.60117216E+00  0.36140796E+00  0.23796793E+00    0.605000
 -1.050 -0.60555591E+00  0.36669795E+00  0.23112594E+00    0.551250
 -1.000 -0.60706823E+00  0.36853184E+00  0.22512307E+00    0.500000
 -0.950 -0.60554640E+00  0.36668644E+00  0.21982651E+00    0.451250
 -0.900 -0.60085042E+00  0.36102122E+00  0.21513227E+00    0.405000
 -0.850 -0.59286595E+00  0.35149004E+00  0.21095774E+00    0.361250
 -0.800 -0.58150702E+00  0.33815041E+00  0.20723640E+00    0.320000
 -0.750 -0.56671833E+00  0.32116966E+00  0.20391419E+00    0.281250
 -0.700 -0.54847730E+00  0.30082735E+00  0.20094670E+00    0.245000
 -0.650 -0.52679566E+00  0.27751366E+00  0.19829723E+00    0.211250
 -0.600 -0.50172050E+00  0.25172346E+00  0.19593519E+00    0.180000
 -0.550 -0.47333496E+00  0.22404599E+00  0.19383505E+00    0.151250
 -0.500 -0.44175830E+00  0.19515040E+00  0.19197536E+00    0.125000
 -0.450 -0.40714542E+00  0.16576739E+00  0.19033811E+00    0.101250
 -0.400 -0.36968585E+00  0.13666763E+00  0.18890816E+00    0.080000
 -0.350 -0.32960224E+00  0.10863764E+00  0.18767285E+00    0.061250
 -0.300 -0.28714820E+00  0.82454088E-01  0.18662162E+00    0.045000
 -0.250 -0.24260571E+00  0.58857532E-01  0.18574578E+00    0.031250
 -0.200 -0.19628207E+00  0.38526650E-01  0.18503829E+00    0.020000
 -0.150 -0.14850632E+00  0.22054126E-01  0.18449357E+00    0.011250
 -0.100 -0.99625410E-01  0.99252224E-02  0.18410742E+00    0.005000
 -0.050 -0.50000000E-01  0.25000000E-02  0.18387689E+00    0.001250
  0.000  0.00000000E+00  0.00000000E+00  0.18380024E+00    0.000000
  0.050  0.50000000E-01  0.25000000E-02  0.18387689E+00    0.001250
  0.100  0.99625410E-01  0.99252224E-02  0.18410742E+00    0.005000
  0.150  0.14850632E+00  0.22054126E-01  0.18449357E+00    0.011250
  0.200  0.19628207E+00  0.38526650E-01  0.18503829E+00    0.020000
  0.250  0.24260571E+00  0.58857532E-01  0.18574578E+00    0.031250
  0.300  0.28714820E+00  0.82454088E-01  0.18662162E+00    0.045000
  0.350  0.32960224E+00  0.10863764E+00  0.18767285E+00    0.061250
  0.400  0.36968585E+00  0.13666763E+00  0.18890816E+00    0.080000
  0.450  0.40714542E+00  0.16576739E+00  0.19033811E+00    0.101250
  0.500  0.44175830E+00  0.19515040E+00  0.19197536E+00    0.125000
  0.550  0.47333496E+00  0.22404599E+00  0.19383505E+00    0.151250
  0.600  0.50172050E+00  0.25172346E+00  0.19593519E+00    0.180000
  0.650  0.52679566E+00  0.27751366E+00  0.19829723E+00    0.211250
  0.700  0.54847730E+00  0.30082735E+00  0.20094670E+00    0.245000
  0.750  0.56671833E+00  0.32116966E+00  0.20391419E+00    0.281250
  0.800  0.58150702E+00  0.33815041E+00  0.20723640E+00    0.320000
  0.850  0.59286595E+00  0.35149004E+00  0.21095774E+00    0.361250
  0.900  0.60085042E+00  0.36102122E+00  0.21513227E+00    0.405000
  0.950  0.60554640E+00  0.36668644E+00  0.21982651E+00    0.451250
  1.000  0.60706823E+00  0.36853184E+00  0.22512307E+00    0.500000
  1.050  0.60555591E+00  0.36669795E+00  0.23112594E+00    0.551250
  1.100  0.60117216E+00  0.36140796E+00  0.23796793E+00    0.605000
  1.150  0.59409934E+00  0.35295403E+00  0.24582160E+00    0.661250
  1.200  0.58453618E+00  0.34168254E+00  0.25491573E+00    0.720000
  1.250  0.57269447E+00  0.32797895E+00  0.26556099E+00    0.781250
  1.300  0.55879576E+00  0.31225270E+00  0.27819163E+00    0.845000
  1.350  0.54306808E+00  0.29492294E+00  0.29343630E+00    0.911250
  1.400  0.52574281E+00  0.27640550E+00  0.31224586E+00    0.980000
  1.450  0.50705163E+00  0.25710135E+00  0.33614144E+00    1.051250
  1.500  0.48722375E+00  0.23738698E+00  0.36774423E+00    1.125000
  1.550  0.46648327E+00  0.21760664E+00  0.41206466E+00    1.201250
  1.600  0.44504690E+00  0.19806674E+00  0.48029692E+00    1.280000
  1.650  0.42312184E+00  0.17903209E+00  0.60510537E+00    1.361250
  1.700  0.40090407E+00  0.16072407E+00  0.96316782E+00    1.445000
  1.750  0.37857683E+00  0.14332042E+00  0.00000000E+00    1.531250
  1.800  0.35630949E+00  0.12695645E+00  0.00000000E+00    1.620000
  1.850  0.33425663E+00  0.11172749E+00  0.00000000E+00    1.711250
  1.900  0.31255748E+00  0.97692178E-01  0.00000000E+00    1.805000
  1.950  0.29133559E+00  0.84876426E-01  0.00000000E+00    1.901250
  2.000  0.27069876E+00  0.73277820E-01  0.00000000E+00    2.000000
  2.050  0.25073921E+00  0.62870151E-01  0.00000000E+00    2.101250
  2.100  0.23153393E+00  0.53607962E-01  0.00000000E+00    2.205000
  2.150  0.21314526E+00  0.45430904E-01  0.00000000E+00    2.311250
  2.200  0.19562158E+00  0.38267804E-01  0.00000000E+00    2.420000
  2.250  0.17899814E+00  0.32040335E-01  0.00000000E+00    2.531250
  2.300  0.16329801E+00  0.26666241E-01  0.00000000E+00    2.645000
  2.350  0.14853308E+00  0.22062076E-01  0.00000000E+00    2.761250
  2.400  0.13470513E+00  0.18145471E-01  0.00000000E+00    2.880000
  2.450  0.12180690E+00  0.14836922E-01  0.00000000E+00    3.001250
  2.500  0.10982323E+00  0.12061142E-01  0.00000000E+00    3.125000
  2.550  0.98732083E-01  0.97480241E-02  0.00000000E+00    3.251250
  2.600  0.88505652E-01  0.78332505E-02  0.00000000E+00    3.380000
  2.650  0.79111348E-01  0.62586054E-02  0.00000000E+00    3.511250
  2.700  0.70512762E-01  0.49720496E-02  0.00000000E+00    3.645000
  2.750  0.62670563E-01  0.39275995E-02  0.00000000E+00    3.781250
  2.800  0.55543323E-01  0.30850607E-02  0.00000000E+00    3.920000
  2.850  0.49088265E-01  0.24096577E-02  0.00000000E+00    4.061250
  2.900  0.43261940E-01  0.18715954E-02  0.00000000E+00    4.205000
  2.950  0.38020817E-01  0.14455825E-02  0.00000000E+00    4.351250
  3.000  0.33321802E-01  0.11103425E-02  0.00000000E+00    4.500000
  3.050  0.29122680E-01  0.84813048E-03  0.00000000E+00    4.651250
  3.100  0.25382479E-01  0.64427022E-03  0.00000000E+00    4.805000
  3.150  0.22061773E-01  0.48672181E-03  0.00000000E+00    4.961250
  3.200  0.19122916E-01  0.36568592E-03  0.00000000E+00    5.120000
  3.250  0.16530222E-01  0.27324823E-03  0.00000000E+00    5.281250
  3.300  0.14250084E-01  0.20306490E-03  0.00000000E+00    5.445000
  3.350  0.12251057E-01  0.15008841E-03  0.00000000E+00    5.611250
  3.400  0.10503890E-01  0.11033171E-03  0.00000000E+00    5.780000
  3.450  0.89815271E-02  0.80667829E-04  0.00000000E+00    5.951250
  3.500  0.76590765E-02  0.58661452E-04  0.00000000E+00    6.125000
  3.550  0.65137570E-02  0.42429030E-04  0.00000000E+00    6.301250
  3.600  0.55248210E-02  0.30523648E-04  0.00000000E+00    6.480000
  3.650  0.46734640E-02  0.21841265E-04  0.00000000E+00    6.661250
  3.700  0.39427206E-02  0.15545046E-04  0.00000000E+00    6.845000
  3.750  0.33173542E-02  0.11004839E-04  0.00000000E+00    7.031250
  3.800  0.27837398E-02  0.77492071E-05  0.00000000E+00    7.220000
  3.850  0.23297458E-02  0.54277153E-05  0.00000000E+00    7.411250
  3.900  0.19446149E-02  0.37815270E-05  0.00000000E+00    7.605000
  3.950  0.16188471E-02  0.26206660E-05  0.00000000E+00    7.801250
  4.000  0.13440864E-02  0.18065682E-05  0.00000000E+00    8.000000
  4.050  0.11130110E-02  0.12387936E-05  0.00000000E+00    8.201250
  4.100  0.91923071E-03  0.84498509E-06  0.00000000E+00    8.405000
  4.150  0.75718861E-03  0.57333459E-06  0.00000000E+00    8.611250
  4.200  0.62207078E-03  0.38697206E-06  0.00000000E+00    8.820000
  4.250  0.50972196E-03  0.25981648E-06  0.00000000E+00    9.031250
  4.300  0.41656835E-03  0.17352919E-06  0.00000000E+00    9.245000
  4.350  0.33954716E-03  0.11529228E-06  0.00000000E+00    9.461250
  4.400  0.27604274E-03  0.76199594E-07  0.00000000E+00    9.680000
  4.450  0.22382900E-03  0.50099423E-07  0.00000000E+00    9.901250
  4.500  0.18101792E-03  0.32767488E-07  0.00000000E+00   10.125000
  4.550  0.14601359E-03  0.21319969E-07  0.00000000E+00   10.351250
  4.600  0.11747156E-03  0.13799567E-07  0.00000000E+00   10.580000
  4.650  0.94262966E-04  0.88855068E-08  0.00000000E+00   10.811250
  4.700  0.75443088E-04  0.56916595E-08  0.00000000E+00   11.045000
  4.750  0.60223878E-04  0.36269154E-08  0.00000000E+00   11.281250
  4.800  0.47950109E-04  0.22992130E-08  0.00000000E+00   11.520000
  4.850  0.38078735E-04  0.14499901E-08  0.00000000E+00   11.761250
  4.900  0.30161113E-04  0.90969272E-09  0.00000000E+00   12.005000
  4.950  0.23827762E-04  0.56776222E-09  0.00000000E+00   12.251250
  5.000  0.18775348E-04  0.35251369E-09  0.00000000E+00   12.500000
  5.050  0.14755615E-04  0.21772818E-09  0.00000000E+00   12.751250
  5.100  0.11566007E-04  0.13377252E-09  0.00000000E+00   13.005000
  5.150  0.90417558E-05  0.81753348E-10  0.00000000E+00   13.261250
  5.200  0.70492340E-05  0.49691701E-10  0.00000000E+00   13.520000
  5.250  0.54803850E-05  0.30034620E-10  0.00000000E+00   13.781250
  5.300  0.42480766E-05  0.18046155E-10  0.00000000E+00   14.045000
  5.350  0.32822371E-05  0.10773081E-10  0.00000000E+00   14.311250
  5.400  0.25266518E-05  0.63839695E-11  0.00000000E+00   14.580000
  5.450  0.19363145E-05  0.37493139E-11  0.00000000E+00   14.851250
  5.500  0.14752421E-05  0.21763391E-11  0.00000000E+00   15.125000
  5.550  0.11146734E-05  0.12424967E-11  0.00000000E+00   15.401250
  5.600  0.83158361E-06  0.69153130E-12  0.00000000E+00   15.680000
  5.650  0.60745476E-06  0.36900129E-12  0.00000000E+00   15.961250
  5.700  0.42724987E-06  0.18254245E-12  0.00000000E+00   16.245000
  5.750  0.27854481E-06  0.77587213E-13  0.00000000E+00   16.531250
  5.800  0.15077468E-06  0.22733005E-13  0.00000000E+00   16.820000
  5.850  0.34554190E-07  0.11939920E-14  0.00000000E+00   17.111250
  5.900 -0.78969067E-07  0.62361135E-14  0.00000000E+00   17.405000
  5.950 -0.19877249E-06  0.39510504E-13  0.00000000E+00   17.701250
  6.000 -0.33467812E-06  0.11200944E-12  0.00000000E+00   18.000000
  6.050 -0.49819535E-06  0.24819860E-12  0.00000000E+00   18.301250
  6.100 -0.70356507E-06  0.49500381E-12  0.00000000E+00   18.605000
  6.150 -0.96910857E-06  0.93917142E-12  0.00000000E+00   18.911250
  6.200 -0.13190209E-05  0.17398162E-11  0.00000000E+00   19.220000
  6.250 -0.17858011E-05  0.31890856E-11  0.00000000E+00   19.531250
  6.300 -0.24135859E-05  0.58253969E-11  0.00000000E+00   19.845000
  6.350 -0.32627616E-05  0.10645613E-10  0.00000000E+00   20.161250
  6.400 -0.44163797E-05  0.19504410E-10  0.00000000E+00   20.480000
  6.450 -0.59891209E-05  0.35869569E-10  0.00000000E+00   20.801250
  6.500 -0.81398613E-05  0.66257343E-10  0.00000000E+00   21.125000
  6.550 -0.11089342E-04  0.12297350E-09  0.00000000E+00   21.451250
  6.600 -0.15145075E-04  0.22937329E-09  0.00000000E+00   21.780000
  6.650 -0.20736548E-04  0.43000442E-09  0.00000000E+00   22.111250
  6.700 -0.28465092E-04  0.81026149E-09  0.00000000E+00   22.445000
  6.750 -0.39174700E-04  0.15346571E-08  0.00000000E+00   22.781250
  6.800 -0.54052816E-04  0.29217069E-08  0.00000000E+00   23.120000
  6.850 -0.74774147E-04  0.55911731E-08  0.00000000E+00   23.461250
  6.900 -0.10370629E-03  0.10754995E-07  0.00000000E+00   23.805000
  6.950 -0.14420449E-03  0.20794934E-07  0.00000000E+00   24.151250
  7.000 -0.20103502E-03  0.40415080E-07  0.00000000E+00   24.500000
  7.050 -0.28098498E-03  0.78952557E-07  0.00000000E+00   24.851250
  7.100 -0.39374223E-03  0.15503294E-06  0.00000000E+00   25.205000
  7.150 -0.55316855E-03  0.30599545E-06  0.00000000E+00   25.561250
  7.200 -0.77914559E-03  0.60706785E-06  0.00000000E+00   25.920000
  7.250 -0.11002578E-02  0.12105673E-05  0.00000000E+00   26.281250
  7.300 -0.15577010E-02  0.24264325E-05  0.00000000E+00   26.645000
  7.350 -0.22109893E-02  0.48884735E-05  0.00000000E+00   27.011250
  7.400 -0.31463073E-02  0.98992495E-05  0.00000000E+00   27.380000
  7.450 -0.44887636E-02  0.20148999E-04  0.00000000E+00   27.751250
  7.500 -0.64204070E-02  0.41221626E-04  0.00000000E+00   28.125000
  7.550 -0.92067796E-02  0.84764791E-04  0.00000000E+00   28.501250
  7.600 -0.13236143E-01  0.17519548E-03  0.00000000E+00   28.880000
  7.650 -0.19077560E-01  0.36395331E-03  0.00000000E+00   29.261250
  7.700 -0.27567099E-01  0.75994497E-03  0.00000000E+00   29.645000
  7.750 -0.39936072E-01  0.15948899E-02  0.00000000E+00   30.031250
  7.800 -0.58002254E-01  0.33642614E-02  0.00000000E+00   30.420000
  7.850 -0.84455674E-01  0.71327609E-02  0.00000000E+00   30.811250
  7.900 -0.12328677E+00  0.15199627E-01  0.00000000E+00   31.205000
  7.950 -0.18042927E+00  0.32554721E-01  0.00000000E+00   31.601250
  8.000 -0.26472785E+00  0.70080836E-01  0.00000000E+00   32.000000
  8.050 -0.38939795E+00  0.15163077E+00  0.00000000E+00   32.401250
  8.100 -0.57423323E+00  0.32974380E+00  0.00000000E+00   32.805000
  8.150 -0.84895149E+00  0.72071863E+00  0.00000000E+00   33.211250
  8.200 -0.12582780E+01  0.15832634E+01  0.00000000E+00   33.620000
  8.250 -0.18696863E+01  0.34957270E+01  0.00000000E+00   34.031250
  8.300 -0.27852145E+01  0.77574201E+01  0.00000000E+00   34.445000
  8.350 -0.41595427E+01  0.17301795E+02  0.00000000E+00   34.861250
  8.400 -0.62277166E+01  0.38784454E+02  0.00000000E+00   35.280000
  8.450 -0.93477641E+01  0.87380693E+02  0.00000000E+00   35.701250
  8.500 -0.14066356E+02  0.19786237E+03  0.00000000E+00   36.125000
  8.550 -0.21220213E+02  0.45029744E+03  0.00000000E+00   36.551250
  8.600 -0.32093087E+02  0.10299662E+04  0.00000000E+00   36.980000
  8.650 -0.48659336E+02  0.23677310E+04  0.00000000E+00   37.411250
  8.700 -0.73962769E+02  0.54704912E+04  0.00000000E+00   37.845000
  8.750 -0.11270723E+03  0.12702920E+05  0.00000000E+00   38.281250
  8.800 -0.17217948E+03  0.29645772E+05  0.00000000E+00   38.720000
  8.850 -0.26369466E+03  0.69534873E+05  0.00000000E+00   39.161250
  8.900 -0.40486571E+03  0.16391624E+06  0.00000000E+00   39.605000
  8.950 -0.62317459E+03  0.38834657E+06  0.00000000E+00   40.051250
  9.000 -0.96160549E+03  0.92468511E+06  0.00000000E+00   40.500000
  9.050 -0.14875513E+04  0.22128090E+07  0.00000000E+00   40.951250
  9.100 -0.23069289E+04  0.53219208E+07  0.00000000E+00   41.405000
  9.150 -0.35866009E+04  0.12863706E+08  0.00000000E+00   41.861250
  9.200 -0.55900784E+04  0.31248977E+08  0.00000000E+00   42.320000
  9.250 -0.87345019E+04  0.76291523E+08  0.00000000E+00   42.781250
  9.300 -0.13681798E+05  0.18719160E+09  0.00000000E+00   43.245000
  9.350 -0.21484855E+05  0.46159898E+09  0.00000000E+00   43.711250
  9.400 -0.33822466E+05  0.11439592E+10  0.00000000E+00   44.180000
  9.450 -0.53377857E+05  0.28491956E+10  0.00000000E+00   44.651250
  9.500 -0.84449959E+05  0.71317956E+10  0.00000000E+00   45.125000
  9.550 -0.13394287E+06  0.17940693E+11  0.00000000E+00   45.601250
  9.600 -0.21297129E+06  0.45356770E+11  0.00000000E+00   46.080000
  9.650 -0.33947142E+06  0.11524085E+12  0.00000000E+00   46.561250
  9.700 -0.54245725E+06  0.29425987E+12  0.00000000E+00   47.045000
  9.750 -0.86897522E+06  0.75511794E+12  0.00000000E+00   47.531250
  9.800 -0.13954950E+07  0.19474062E+13  0.00000000E+00   48.020000
  9.850 -0.22466096E+07  0.50472545E+13  0.00000000E+00   48.511250
  9.900 -0.36258082E+07  0.13146485E+14  0.00000000E+00   49.005000
  9.950 -0.58662340E+07  0.34412701E+14  0.00000000E+00   49.501250
 10.000 -0.95146040E+07  0.90527689E+14  0.00000000E+00   50.000000
