# x(i)     phi(i)          |phi(i)|**2   p_classical(i)    vpot(i)
 -5.000 -0.50048632E+01  0.25048655E+02  0.00000000E+00   12.500000
 -4.990 -0.47710075E+01  0.22762513E+02  0.00000000E+00   12.450050
 -4.980 -0.45485545E+01  0.20689348E+02  0.00000000E+00   12.400200
 -4.970 -0.43369271E+01  0.18808937E+02  0.00000000E+00   12.350450
 -4.960 -0.41355786E+01  0.17103010E+02  0.00000000E+00   12.300800
 -4.950 -0.39439906E+01  0.15555062E+02  0.00000000E+00   12.251250
 -4.940 -0.37616719E+01  0.14150176E+02  0.00000000E+00   12.201800
 -4.930 -0.35881568E+01  0.12874869E+02  0.00000000E+00   12.152450
 -4.920 -0.34230038E+01  0.11716955E+02  0.00000000E+00   12.103200
 -4.910 -0.32657942E+01  0.10665412E+02  0.00000000E+00   12.054050
 -4.900 -0.31161313E+01  0.97102741E+01  0.00000000E+00   12.005000
 -4.890 -0.29736385E+01  0.88425257E+01  0.00000000E+00   11.956050
 -4.880 -0.28379588E+01  0.80540103E+01  0.00000000E+00   11.907200
 -4.870 -0.27087538E+01  0.73373470E+01  0.00000000E+00   11.858450
 -4.860 -0.25857021E+01  0.66858553E+01  0.00000000E+00   11.809800
 -4.850 -0.24684991E+01  0.60934879E+01  0.00000000E+00   11.761250
 -4.840 -0.23568558E+01  0.55547692E+01  0.00000000E+00   11.712800
 -4.830 -0.22504978E+01  0.50647403E+01  0.00000000E+00   11.664450
 -4.820 -0.21491649E+01  0.46189096E+01  0.00000000E+00   11.616200
 -4.810 -0.20526100E+01  0.42132078E+01  0.00000000E+00   11.568050
 -4.800 -0.19605988E+01  0.38439476E+01  0.00000000E+00   11.520000
 -4.790 -0.18729087E+01  0.35077869E+01  0.00000000E+00   11.472050
 -4.780 -0.17893285E+01  0.32016964E+01  0.00000000E+00   11.424200
 -4.770 -0.17096576E+01  0.29229292E+01  0.00000000E+00   11.376450
 -4.760 -0.16337057E+01  0.26689944E+01  0.00000000E+00   11.328800
 -4.750 -0.15612920E+01  0.24376328E+01  0.00000000E+00   11.281250
 -4.740 -0.14922448E+01  0.22267947E+01  0.00000000E+00   11.233800
 -4.730 -0.14264011E+01  0.20346201E+01  0.00000000E+00   11.186450
 -4.720 -0.13636060E+01  0.18594213E+01  0.00000000E+00   11.139200
 -4.710 -0.13037124E+01  0.16996659E+01  0.00000000E+00   11.092050
 -4.700 -0.12465805E+01  0.15539629E+01  0.00000000E+00   11.045000
 -4.690 -0.11920777E+01  0.14210492E+01  0.00000000E+00   10.998050
 -4.680 -0.11400777E+01  0.12997772E+01  0.00000000E+00   10.951200
 -4.670 -0.10904607E+01  0.11891046E+01  0.00000000E+00   10.904450
 -4.660 -0.10431129E+01  0.10880845E+01  0.00000000E+00   10.857800
 -4.650 -0.99792591E+00  0.99585613E+00  0.00000000E+00   10.811250
 -4.640 -0.95479687E+00  0.91163707E+00  0.00000000E+00   10.764800
 -4.630 -0.91362797E+00  0.83471607E+00  0.00000000E+00   10.718450
 -4.620 -0.87432623E+00  0.76444635E+00  0.00000000E+00   10.672200
 -4.610 -0.83680323E+00  0.70023964E+00  0.00000000E+00   10.626050
 -4.600 -0.80097492E+00  0.64156082E+00  0.00000000E+00   10.580000
 -4.590 -0.76676135E+00  0.58792297E+00  0.00000000E+00   10.534050
 -4.580 -0.73408652E+00  0.53888302E+00  0.00000000E+00   10.488200
 -4.570 -0.70287811E+00  0.49403764E+00  0.00000000E+00   10.442450
 -4.560 -0.67306735E+00  0.45301966E+00  0.00000000E+00   10.396800
 -4.550 -0.64458882E+00  0.41549475E+00  0.00000000E+00   10.351250
 -4.540 -0.61738028E+00  0.38115842E+00  0.00000000E+00   10.305800
 -4.530 -0.59138251E+00  0.34973328E+00  0.00000000E+00   10.260450
 -4.520 -0.56653916E+00  0.32096662E+00  0.00000000E+00   10.215200
 -4.510 -0.54279661E+00  0.29462816E+00  0.00000000E+00   10.170050
 -4.500 -0.52010382E+00  0.27050798E+00  0.00000000E+00   10.125000
 -4.490 -0.49841222E+00  0.24841474E+00  0.00000000E+00   10.080050
 -4.480 -0.47767557E+00  0.22817395E+00  0.00000000E+00   10.035200
 -4.470 -0.45784986E+00  0.20962649E+00  0.00000000E+00    9.990450
 -4.460 -0.43889318E+00  0.19262722E+00  0.00000000E+00    9.945800
 -4.450 -0.42076563E+00  0.17704372E+00  0.00000000E+00    9.901250
 -4.440 -0.40342922E+00  0.16275513E+00  0.00000000E+00    9.856800
 -4.430 -0.38684776E+00  0.14965119E+00  0.00000000E+00    9.812450
 -4.420 -0.37098679E+00  0.13763120E+00  0.00000000E+00    9.768200
 -4.410 -0.35581349E+00  0.12660324E+00  0.00000000E+00    9.724050
 -4.400 -0.34129659E+00  0.11648337E+00  0.00000000E+00    9.680000
 -4.390 -0.32740631E+00  0.10719489E+00  0.00000000E+00    9.636050
 -4.380 -0.31411426E+00  0.98667768E-01  0.00000000E+00    9.592200
 -4.370 -0.30139340E+00  0.90837982E-01  0.00000000E+00    9.548450
 -4.360 -0.28921796E+00  0.83647031E-01  0.00000000E+00    9.504800
 -4.350 -0.27756339E+00  0.77041437E-01  0.00000000E+00    9.461250
 -4.340 -0.26640628E+00  0.70972305E-01  0.00000000E+00    9.417800
 -4.330 -0.25572431E+00  0.65394923E-01  0.00000000E+00    9.374450
 -4.320 -0.24549622E+00  0.60268393E-01  0.00000000E+00    9.331200
 -4.310 -0.23570173E+00  0.55555305E-01  0.00000000E+00    9.288050
 -4.300 -0.22632150E+00  0.51221423E-01  0.00000000E+00    9.245000
 -4.290 -0.21733711E+00  0.47235420E-01  0.00000000E+00    9.202050
 -4.280 -0.20873097E+00  0.43568619E-01  0.00000000E+00    9.159200
 -4.270 -0.20048632E+00  0.40194763E-01  0.00000000E+00    9.116450
 -4.260 -0.19258715E+00  0.37089811E-01  0.00000000E+00    9.073800
 -4.250 -0.18501822E+00  0.34231744E-01  0.00000000E+00    9.031250
 -4.240 -0.17776498E+00  0.31600389E-01  0.00000000E+00    8.988800
 -4.230 -0.17081354E+00  0.29177264E-01  0.00000000E+00    8.946450
 -4.220 -0.16415064E+00  0.26945433E-01  0.00000000E+00    8.904200
 -4.210 -0.15776366E+00  0.24889371E-01  0.00000000E+00    8.862050
 -4.200 -0.15164051E+00  0.22994844E-01  0.00000000E+00    8.820000
 -4.190 -0.14576969E+00  0.21248803E-01  0.00000000E+00    8.778050
 -4.180 -0.14014021E+00  0.19639278E-01  0.00000000E+00    8.736200
 -4.170 -0.13474157E+00  0.18155290E-01  0.00000000E+00    8.694450
 -4.160 -0.12956375E+00  0.16786766E-01  0.00000000E+00    8.652800
 -4.150 -0.12459719E+00  0.15524461E-01  0.00000000E+00    8.611250
 -4.140 -0.11983276E+00  0.14359890E-01  0.00000000E+00    8.569800
 -4.130 -0.11526173E+00  0.13285266E-01  0.00000000E+00    8.528450
 -4.120 -0.11087577E+00  0.12293437E-01  0.00000000E+00    8.487200
 -4.110 -0.10666693E+00  0.11377834E-01  0.00000000E+00    8.446050
 -4.100 -0.10262760E+00  0.10532424E-01  0.00000000E+00    8.405000
 -4.090 -0.98750524E-01  0.97516661E-02  0.00000000E+00    8.364050
 -4.080 -0.95028762E-01  0.90304656E-02  0.00000000E+00    8.323200
 -4.070 -0.91455683E-01  0.83641420E-02  0.00000000E+00    8.282450
 -4.060 -0.88024952E-01  0.77483922E-02  0.00000000E+00    8.241800
 -4.050 -0.84730514E-01  0.71792600E-02  0.00000000E+00    8.201250
 -4.040 -0.81566581E-01  0.66531071E-02  0.00000000E+00    8.160800
 -4.030 -0.78527618E-01  0.61665868E-02  0.00000000E+00    8.120450
 -4.020 -0.75608338E-01  0.57166207E-02  0.00000000E+00    8.080200
 -4.010 -0.72803681E-01  0.53003759E-02  0.00000000E+00    8.040050
 -4.000 -0.70108811E-01  0.49152454E-02  0.00000000E+00    8.000000
 -3.990 -0.67519103E-01  0.45588293E-02  0.00000000E+00    7.960050
 -3.980 -0.65030133E-01  0.42289182E-02  0.00000000E+00    7.920200
 -3.970 -0.62637669E-01  0.39234776E-02  0.00000000E+00    7.880450
 -3.960 -0.60337663E-01  0.36406335E-02  0.00000000E+00    7.840800
 -3.950 -0.58126240E-01  0.33786598E-02  0.00000000E+00    7.801250
 -3.940 -0.55999696E-01  0.31359659E-02  0.00000000E+00    7.761800
 -3.930 -0.53954482E-01  0.29110861E-02  0.00000000E+00    7.722450
 -3.920 -0.51987203E-01  0.27026693E-02  0.00000000E+00    7.683200
 -3.910 -0.50094611E-01  0.25094700E-02  0.00000000E+00    7.644050
 -3.900 -0.48273593E-01  0.23303398E-02  0.00000000E+00    7.605000
 -3.890 -0.46521171E-01  0.21642193E-02  0.00000000E+00    7.566050
 -3.880 -0.44834492E-01  0.20101317E-02  0.00000000E+00    7.527200
 -3.870 -0.43210824E-01  0.18671754E-02  0.00000000E+00    7.488450
 -3.860 -0.41647551E-01  0.17345185E-02  0.00000000E+00    7.449800
 -3.850 -0.40142166E-01  0.16113935E-02  0.00000000E+00    7.411250
 -3.840 -0.38692266E-01  0.14970915E-02  0.00000000E+00    7.372800
 -3.830 -0.37295551E-01  0.13909581E-02  0.00000000E+00    7.334450
 -3.820 -0.35949813E-01  0.12923891E-02  0.00000000E+00    7.296200
 -3.810 -0.34652939E-01  0.12008262E-02  0.00000000E+00    7.258050
 -3.800 -0.33402902E-01  0.11157539E-02  0.00000000E+00    7.220000
 -3.790 -0.32197758E-01  0.10366956E-02  0.00000000E+00    7.182050
 -3.780 -0.31035642E-01  0.96321108E-03  0.00000000E+00    7.144200
 -3.770 -0.29914767E-01  0.89489330E-03  0.00000000E+00    7.106450
 -3.760 -0.28833418E-01  0.83136598E-03  0.00000000E+00    7.068800
 -3.750 -0.27789948E-01  0.77228121E-03  0.00000000E+00    7.031250
 -3.740 -0.26782778E-01  0.71731722E-03  0.00000000E+00    6.993800
 -3.730 -0.25810393E-01  0.66617636E-03  0.00000000E+00    6.956450
 -3.720 -0.24871335E-01  0.61858330E-03  0.00000000E+00    6.919200
 -3.710 -0.23964208E-01  0.57428325E-03  0.00000000E+00    6.882050
 -3.700 -0.23087668E-01  0.53304041E-03  0.00000000E+00    6.845000
 -3.690 -0.22240426E-01  0.49463655E-03  0.00000000E+00    6.808050
 -3.680 -0.21421243E-01  0.45886963E-03  0.00000000E+00    6.771200
 -3.670 -0.20628926E-01  0.42555258E-03  0.00000000E+00    6.734450
 -3.660 -0.19862331E-01  0.39451219E-03  0.00000000E+00    6.697800
 -3.650 -0.19120356E-01  0.36558801E-03  0.00000000E+00    6.661250
 -3.640 -0.18401942E-01  0.33863146E-03  0.00000000E+00    6.624800
 -3.630 -0.17706069E-01  0.31350488E-03  0.00000000E+00    6.588450
 -3.620 -0.17031756E-01  0.29008072E-03  0.00000000E+00    6.552200
 -3.610 -0.16378059E-01  0.26824082E-03  0.00000000E+00    6.516050
 -3.600 -0.15744068E-01  0.24787567E-03  0.00000000E+00    6.480000
 -3.590 -0.15128906E-01  0.22888380E-03  0.00000000E+00    6.444050
 -3.580 -0.14531729E-01  0.21117116E-03  0.00000000E+00    6.408200
 -3.570 -0.13951724E-01  0.19465060E-03  0.00000000E+00    6.372450
 -3.560 -0.13388104E-01  0.17924133E-03  0.00000000E+00    6.336800
 -3.550 -0.12840113E-01  0.16486850E-03  0.00000000E+00    6.301250
 -3.540 -0.12307019E-01  0.15146272E-03  0.00000000E+00    6.265800
 -3.530 -0.11788117E-01  0.13895970E-03  0.00000000E+00    6.230450
 -3.520 -0.11282725E-01  0.12729988E-03  0.00000000E+00    6.195200
 -3.510 -0.10790184E-01  0.11642807E-03  0.00000000E+00    6.160050
 -3.500 -0.10309858E-01  0.10629317E-03  0.00000000E+00    6.125000
 -3.490 -0.98411297E-02  0.96847834E-04  0.00000000E+00    6.090050
 -3.480 -0.93834040E-02  0.88048270E-04  0.00000000E+00    6.055200
 -3.470 -0.89361034E-02  0.79853944E-04  0.00000000E+00    6.020450
 -3.460 -0.84986689E-02  0.72227372E-04  0.00000000E+00    5.985800
 -3.450 -0.80705586E-02  0.65133916E-04  0.00000000E+00    5.951250
 -3.440 -0.76512471E-02  0.58541582E-04  0.00000000E+00    5.916800
 -3.430 -0.72402244E-02  0.52420850E-04  0.00000000E+00    5.882450
 -3.420 -0.68369957E-02  0.46744510E-04  0.00000000E+00    5.848200
 -3.410 -0.64410800E-02  0.41487511E-04  0.00000000E+00    5.814050
 -3.400 -0.60520097E-02  0.36626822E-04  0.00000000E+00    5.780000
 -3.390 -0.56693303E-02  0.32141306E-04  0.00000000E+00    5.746050
 -3.380 -0.52925991E-02  0.28011605E-04  0.00000000E+00    5.712200
 -3.370 -0.49213850E-02  0.24220030E-04  0.00000000E+00    5.678450
 -3.360 -0.45552678E-02  0.20750464E-04  0.00000000E+00    5.644800
 -3.350 -0.41938377E-02  0.17588274E-04  0.00000000E+00    5.611250
 -3.340 -0.38366947E-02  0.14720226E-04  0.00000000E+00    5.577800
 -3.330 -0.34834480E-02  0.12134410E-04  0.00000000E+00    5.544450
 -3.320 -0.31337156E-02  0.98201734E-05  0.00000000E+00    5.511200
 -3.310 -0.27871239E-02  0.77680597E-05  0.00000000E+00    5.478050
 -3.300 -0.24433071E-02  0.59697494E-05  0.00000000E+00    5.445000
 -3.290 -0.21019066E-02  0.44180113E-05  0.00000000E+00    5.412050
 -3.280 -0.17625710E-02  0.31066566E-05  0.00000000E+00    5.379200
 -3.270 -0.14249554E-02  0.20304978E-05  0.00000000E+00    5.346450
 -3.260 -0.10887209E-02  0.11853132E-05  0.00000000E+00    5.313800
 -3.250 -0.75353462E-03  0.56781442E-06  0.00000000E+00    5.281250
 -3.240 -0.41906886E-03  0.17561871E-06  0.00000000E+00    5.248800
 -3.230 -0.85001118E-04  0.72251901E-08  0.00000000E+00    5.216450
 -3.220  0.24898645E-03  0.61994252E-07  0.00000000E+00    5.184200
 -3.210  0.58320727E-03  0.34013072E-06  0.00000000E+00    5.152050
 -3.200  0.91797070E-03  0.84267021E-06  0.00000000E+00    5.120000
 -3.190  0.12535823E-02  0.15714686E-05  0.00000000E+00    5.088050
 -3.180  0.15903442E-02  0.25291947E-05  0.00000000E+00    5.056200
 -3.170  0.19285553E-02  0.37193254E-05  0.00000000E+00    5.024450
 -3.160  0.22685114E-02  0.51461440E-05  0.00000000E+00    4.992800
 -3.150  0.26105059E-02  0.68147410E-05  0.00000000E+00    4.961250
 -3.140  0.29548296E-02  0.87310177E-05  0.00000000E+00    4.929800
 -3.130  0.33017710E-02  0.10901692E-04  0.00000000E+00    4.898450
 -3.120  0.36516169E-02  0.13334306E-04  0.00000000E+00    4.867200
 -3.110  0.40046523E-02  0.16037240E-04  0.00000000E+00    4.836050
 -3.100  0.43611604E-02  0.19019720E-04  0.00000000E+00    4.805000
 -3.090  0.47214234E-02  0.22291839E-04  0.00000000E+00    4.774050
 -3.080  0.50857222E-02  0.25864570E-04  0.00000000E+00    4.743200
 -3.070  0.54543369E-02  0.29749791E-04  0.00000000E+00    4.712450
 -3.060  0.58275466E-02  0.33960300E-04  0.00000000E+00    4.681800
 -3.050  0.62056302E-02  0.38509846E-04  0.00000000E+00    4.651250
 -3.040  0.65888659E-02  0.43413154E-04  0.00000000E+00    4.620800
 -3.030  0.69775317E-02  0.48685949E-04  0.00000000E+00    4.590450
 -3.020  0.73719057E-02  0.54344994E-04  0.00000000E+00    4.560200
 -3.010  0.77722658E-02  0.60408115E-04  0.00000000E+00    4.530050
 -3.000  0.81788902E-02  0.66894245E-04  0.00000000E+00    4.500000
 -2.990  0.85920576E-02  0.73823454E-04  0.00000000E+00    4.470050
 -2.980  0.90120470E-02  0.81216992E-04  0.00000000E+00    4.440200
 -2.970  0.94391381E-02  0.89097328E-04  0.00000000E+00    4.410450
 -2.960  0.98736112E-02  0.97488199E-04  0.00000000E+00    4.380800
 -2.950  0.10315748E-01  0.10641465E-03  0.00000000E+00    4.351250
 -2.940  0.10765830E-01  0.11590309E-03  0.00000000E+00    4.321800
 -2.930  0.11224140E-01  0.12598133E-03  0.00000000E+00    4.292450
 -2.920  0.11690964E-01  0.13667864E-03  0.00000000E+00    4.263200
 -2.910  0.12166587E-01  0.14802584E-03  0.00000000E+00    4.234050
 -2.900  0.12651296E-01  0.16005528E-03  0.00000000E+00    4.205000
 -2.890  0.13145379E-01  0.17280098E-03  0.00000000E+00    4.176050
 -2.880  0.13649126E-01  0.18629864E-03  0.00000000E+00    4.147200
 -2.870  0.14162829E-01  0.20058573E-03  0.00000000E+00    4.118450
 -2.860  0.14686782E-01  0.21570155E-03  0.00000000E+00    4.089800
 -2.850  0.15221278E-01  0.23168731E-03  0.00000000E+00    4.061250
 -2.840  0.15766616E-01  0.24858618E-03  0.00000000E+00    4.032800
 -2.830  0.16323094E-01  0.26644338E-03  0.00000000E+00    4.004450
 -2.820  0.16891011E-01  0.28530627E-03  0.00000000E+00    3.976200
 -2.810  0.17470672E-01  0.30522439E-03  0.00000000E+00    3.948050
 -2.800  0.18062381E-01  0.32624960E-03  0.00000000E+00    3.920000
 -2.790  0.18666444E-01  0.34843611E-03  0.00000000E+00    3.892050
 -2.780  0.19283169E-01  0.37184062E-03  0.00000000E+00    3.864200
 -2.770  0.19912869E-01  0.39652237E-03  0.00000000E+00    3.836450
 -2.760  0.20555857E-01  0.42254324E-03  0.00000000E+00    3.808800
 -2.750  0.21212446E-01  0.44996789E-03  0.00000000E+00    3.781250
 -2.740  0.21882957E-01  0.47886379E-03  0.00000000E+00    3.753800
 -2.730  0.22567707E-01  0.50930139E-03  0.00000000E+00    3.726450
 -2.720  0.23267019E-01  0.54135419E-03  0.00000000E+00    3.699200
 -2.710  0.23981219E-01  0.57509884E-03  0.00000000E+00    3.672050
 -2.700  0.24710631E-01  0.61061529E-03  0.00000000E+00    3.645000
 -2.690  0.25455586E-01  0.64798688E-03  0.00000000E+00    3.618050
 -2.680  0.26216415E-01  0.68730043E-03  0.00000000E+00    3.591200
 -2.670  0.26993452E-01  0.72864644E-03  0.00000000E+00    3.564450
 -2.660  0.27787032E-01  0.77211914E-03  0.00000000E+00    3.537800
 -2.650  0.28597494E-01  0.81781663E-03  0.00000000E+00    3.511250
 -2.640  0.29425177E-01  0.86584107E-03  0.00000000E+00    3.484800
 -2.630  0.30270427E-01  0.91629872E-03  0.00000000E+00    3.458450
 -2.620  0.31133586E-01  0.96930016E-03  0.00000000E+00    3.432200
 -2.610  0.32015002E-01  0.10249604E-02  0.00000000E+00    3.406050
 -2.600  0.32915025E-01  0.10833989E-02  0.00000000E+00    3.380000
 -2.590  0.33834007E-01  0.11447400E-02  0.00000000E+00    3.354050
 -2.580  0.34772301E-01  0.12091129E-02  0.00000000E+00    3.328200
 -2.570  0.35730263E-01  0.12766517E-02  0.00000000E+00    3.302450
 -2.560  0.36708250E-01  0.13474956E-02  0.00000000E+00    3.276800
 -2.550  0.37706623E-01  0.14217894E-02  0.00000000E+00    3.251250
 -2.540  0.38725744E-01  0.14996832E-02  0.00000000E+00    3.225800
 -2.530  0.39765975E-01  0.15813328E-02  0.00000000E+00    3.200450
 -2.520  0.40827683E-01  0.16668997E-02  0.00000000E+00    3.175200
 -2.510  0.41911234E-01  0.17565515E-02  0.00000000E+00    3.150050
 -2.500  0.43016998E-01  0.18504621E-02  0.00000000E+00    3.125000
 -2.490  0.44145345E-01  0.19488115E-02  0.00000000E+00    3.100050
 -2.480  0.45296647E-01  0.20517862E-02  0.00000000E+00    3.075200
 -2.470  0.46471277E-01  0.21595796E-02  0.00000000E+00    3.050450
 -2.460  0.47669612E-01  0.22723919E-02  0.00000000E+00    3.025800
 -2.450  0.48892026E-01  0.23904302E-02  0.00000000E+00    3.001250
 -2.440  0.50138897E-01  0.25139090E-02  0.00000000E+00    2.976800
 -2.430  0.51410605E-01  0.26430503E-02  0.00000000E+00    2.952450
 -2.420  0.52707527E-01  0.27780834E-02  0.00000000E+00    2.928200
 -2.410  0.54030046E-01  0.29192458E-02  0.00000000E+00    2.904050
 -2.400  0.55378541E-01  0.30667828E-02  0.00000000E+00    2.880000
 -2.390  0.56753396E-01  0.32209479E-02  0.00000000E+00    2.856050
 -2.380  0.58154992E-01  0.33820031E-02  0.00000000E+00    2.832200
 -2.370  0.59583713E-01  0.35502188E-02  0.00000000E+00    2.808450
 -2.360  0.61039942E-01  0.37258745E-02  0.00000000E+00    2.784800
 -2.350  0.62524062E-01  0.39092584E-02  0.00000000E+00    2.761250
 -2.340  0.64036458E-01  0.41006680E-02  0.00000000E+00    2.737800
 -2.330  0.65577513E-01  0.43004102E-02  0.00000000E+00    2.714450
 -2.320  0.67147610E-01  0.45088015E-02  0.00000000E+00    2.691200
 -2.310  0.68747132E-01  0.47261682E-02  0.00000000E+00    2.668050
 -2.300  0.70376462E-01  0.49528465E-02  0.00000000E+00    2.645000
 -2.290  0.72035983E-01  0.51891828E-02  0.00000000E+00    2.622050
 -2.280  0.73726075E-01  0.54355341E-02  0.00000000E+00    2.599200
 -2.270  0.75447118E-01  0.56922677E-02  0.00000000E+00    2.576450
 -2.260  0.77199493E-01  0.59597617E-02  0.00000000E+00    2.553800
 -2.250  0.78983576E-01  0.62384053E-02  0.00000000E+00    2.531250
 -2.240  0.80799745E-01  0.65285988E-02  0.00000000E+00    2.508800
 -2.230  0.82648375E-01  0.68307538E-02  0.00000000E+00    2.486450
 -2.220  0.84529838E-01  0.71452935E-02  0.00000000E+00    2.464200
 -2.210  0.86444506E-01  0.74726526E-02  0.00000000E+00    2.442050
 -2.200  0.88392748E-01  0.78132779E-02  0.00000000E+00    2.420000
 -2.190  0.90374932E-01  0.81676282E-02  0.00000000E+00    2.398050
 -2.180  0.92391420E-01  0.85361745E-02  0.00000000E+00    2.376200
 -2.170  0.94442576E-01  0.89194002E-02  0.00000000E+00    2.354450
 -2.160  0.96528758E-01  0.93178011E-02  0.00000000E+00    2.332800
 -2.150  0.98650321E-01  0.97318859E-02  0.00000000E+00    2.311250
 -2.140  0.10080762E+00  0.10162176E-01  0.00000000E+00    2.289800
 -2.130  0.10300100E+00  0.10609206E-01  0.00000000E+00    2.268450
 -2.120  0.10523081E+00  0.11073523E-01  0.00000000E+00    2.247200
 -2.110  0.10749739E+00  0.11555688E-01  0.00000000E+00    2.226050
 -2.100  0.10980107E+00  0.12056276E-01  0.00000000E+00    2.205000
 -2.090  0.11214220E+00  0.12575873E-01  0.00000000E+00    2.184050
 -2.080  0.11452109E+00  0.13115081E-01  0.00000000E+00    2.163200
 -2.070  0.11693808E+00  0.13674514E-01  0.00000000E+00    2.142450
 -2.060  0.11939348E+00  0.14254802E-01  0.00000000E+00    2.121800
 -2.050  0.12188760E+00  0.14856586E-01  0.00000000E+00    2.101250
 -2.040  0.12442075E+00  0.15480523E-01  0.00000000E+00    2.080800
 -2.030  0.12699324E+00  0.16127282E-01  0.00000000E+00    2.060450
 -2.020  0.12960536E+00  0.16797548E-01  0.00000000E+00    2.040200
 -2.010  0.13225739E+00  0.17492018E-01  0.00000000E+00    2.020050
 -2.000  0.13494964E+00  0.18211405E-01  0.00000000E+00    2.000000
 -1.990  0.13768236E+00  0.18956433E-01  0.00000000E+00    1.980050
 -1.980  0.14045584E+00  0.19727844E-01  0.00000000E+00    1.960200
 -1.970  0.14327034E+00  0.20526390E-01  0.00000000E+00    1.940450
 -1.960  0.14612610E+00  0.21352838E-01  0.00000000E+00    1.920800
 -1.950  0.14902339E+00  0.22207971E-01  0.00000000E+00    1.901250
 -1.940  0.15196244E+00  0.23092583E-01  0.00000000E+00    1.881800
 -1.930  0.15494348E+00  0.24007482E-01  0.00000000E+00    1.862450
 -1.920  0.15796674E+00  0.24953491E-01  0.00000000E+00    1.843200
 -1.910  0.16103243E+00  0.25931444E-01  0.00000000E+00    1.824050
 -1.900  0.16414076E+00  0.26942190E-01  0.00000000E+00    1.805000
 -1.890  0.16729193E+00  0.27986590E-01  0.00000000E+00    1.786050
 -1.880  0.17048612E+00  0.29065519E-01  0.00000000E+00    1.767200
 -1.870  0.17372352E+00  0.30179863E-01  0.00000000E+00    1.748450
 -1.860  0.17700430E+00  0.31330521E-01  0.00000000E+00    1.729800
 -1.850  0.18032860E+00  0.32518405E-01  0.00000000E+00    1.711250
 -1.840  0.18369659E+00  0.33744436E-01  0.00000000E+00    1.692800
 -1.830  0.18710839E+00  0.35009551E-01  0.00000000E+00    1.674450
 -1.820  0.19056414E+00  0.36314693E-01  0.00000000E+00    1.656200
 -1.810  0.19406396E+00  0.37660820E-01  0.00000000E+00    1.638050
 -1.800  0.19760794E+00  0.39048897E-01  0.00000000E+00    1.620000
 -1.790  0.20119618E+00  0.40479902E-01  0.00000000E+00    1.602050
 -1.780  0.20482876E+00  0.41954822E-01  0.00000000E+00    1.584200
 -1.770  0.20850575E+00  0.43474650E-01  0.00000000E+00    1.566450
 -1.760  0.21222722E+00  0.45040391E-01  0.00000000E+00    1.548800
 -1.750  0.21599319E+00  0.46653058E-01  0.00000000E+00    1.531250
 -1.740  0.21980371E+00  0.48313670E-01  0.00000000E+00    1.513800
 -1.730  0.22365879E+00  0.50023254E-01  0.00000000E+00    1.496450
 -1.720  0.22755844E+00  0.51782843E-01  0.00000000E+00    1.479200
 -1.710  0.23150265E+00  0.53593477E-01  0.00000000E+00    1.462050
 -1.700  0.23549140E+00  0.55456199E-01  0.00000000E+00    1.445000
 -1.690  0.23952465E+00  0.57372058E-01  0.00000000E+00    1.428050
 -1.680  0.24360236E+00  0.59342108E-01  0.00000000E+00    1.411200
 -1.670  0.24772445E+00  0.61367403E-01  0.00000000E+00    1.394450
 -1.660  0.25189086E+00  0.63449003E-01  0.00000000E+00    1.377800
 -1.650  0.25610148E+00  0.65587967E-01  0.00000000E+00    1.361250
 -1.640  0.26035621E+00  0.67785355E-01  0.00000000E+00    1.344800
 -1.630  0.26465492E+00  0.70042228E-01  0.00000000E+00    1.328450
 -1.620  0.26899748E+00  0.72359646E-01  0.00000000E+00    1.312200
 -1.610  0.27338373E+00  0.74738666E-01  0.00000000E+00    1.296050
 -1.600  0.27781351E+00  0.77180344E-01  0.00000000E+00    1.280000
 -1.590  0.28228661E+00  0.79685730E-01  0.00000000E+00    1.264050
 -1.580  0.28680285E+00  0.82255872E-01  0.00000000E+00    1.248200
 -1.570  0.29136199E+00  0.84891810E-01  0.00000000E+00    1.232450
 -1.560  0.29596381E+00  0.87594579E-01  0.00000000E+00    1.216800
 -1.550  0.30060806E+00  0.90365205E-01  0.00000000E+00    1.201250
 -1.540  0.30529446E+00  0.93204707E-01  0.00000000E+00    1.185800
 -1.530  0.31002273E+00  0.96114091E-01  0.00000000E+00    1.170450
 -1.520  0.31479256E+00  0.99094355E-01  0.00000000E+00    1.155200
 -1.510  0.31960364E+00  0.10214648E+00  0.00000000E+00    1.140050
 -1.500  0.32445562E+00  0.10527145E+00  0.00000000E+00    1.125000
 -1.490  0.32934815E+00  0.10847021E+00  0.00000000E+00    1.110050
 -1.480  0.33428086E+00  0.11174370E+00  0.00000000E+00    1.095200
 -1.470  0.33925336E+00  0.11509284E+00  0.00000000E+00    1.080450
 -1.460  0.34426523E+00  0.11851855E+00  0.00000000E+00    1.065800
 -1.450  0.34931606E+00  0.12202171E+00  0.00000000E+00    1.051250
 -1.440  0.35440539E+00  0.12560318E+00  0.00000000E+00    1.036800
 -1.430  0.35953276E+00  0.12926380E+00  0.00000000E+00    1.022450
 -1.420  0.36469769E+00  0.13300440E+00  0.00000000E+00    1.008200
 -1.410  0.36989968E+00  0.13682577E+00  0.00000000E+00    0.994050
 -1.400  0.37513821E+00  0.14072868E+00  0.00000000E+00    0.980000
 -1.390  0.38041275E+00  0.14471386E+00  0.00000000E+00    0.966050
 -1.380  0.38572275E+00  0.14878204E+00  0.00000000E+00    0.952200
 -1.370  0.39106761E+00  0.15293388E+00  0.00000000E+00    0.938450
 -1.360  0.39644677E+00  0.15717004E+00  0.00000000E+00    0.924800
 -1.350  0.40185959E+00  0.16149113E+00  0.00000000E+00    0.911250
 -1.340  0.40730546E+00  0.16589774E+00  0.00000000E+00    0.897800
 -1.330  0.41278373E+00  0.17039041E+00  0.00000000E+00    0.884450
 -1.320  0.41829373E+00  0.17496965E+00  0.00000000E+00    0.871200
 -1.310  0.42383478E+00  0.17963592E+00  0.00000000E+00    0.858050
 -1.300  0.42940617E+00  0.18438965E+00  0.00000000E+00    0.845000
 -1.290  0.43500717E+00  0.18923124E+00  0.00000000E+00    0.832050
 -1.280  0.44063706E+00  0.19416102E+00  0.00000000E+00    0.819200
 -1.270  0.44629507E+00  0.19917929E+00  0.00000000E+00    0.806450
 -1.260  0.45198043E+00  0.20428630E+00  0.00000000E+00    0.793800
 -1.250  0.45769233E+00  0.20948227E+00  0.00000000E+00    0.781250
 -1.240  0.46342997E+00  0.21476734E+00  0.00000000E+00    0.768800
 -1.230  0.46919251E+00  0.22014161E+00  0.00000000E+00    0.756450
 -1.220  0.47497911E+00  0.22560516E+00  0.00000000E+00    0.744200
 -1.210  0.48078890E+00  0.23115797E+00  0.00000000E+00    0.732050
 -1.200  0.48662099E+00  0.23679999E+00  0.00000000E+00    0.720000
 -1.190  0.49247449E+00  0.24253112E+00  0.00000000E+00    0.708050
 -1.180  0.49834846E+00  0.24835119E+00  0.00000000E+00    0.696200
 -1.170  0.50424198E+00  0.25425998E+00  0.00000000E+00    0.684450
 -1.160  0.51015409E+00  0.26025720E+00  0.00000000E+00    0.672800
 -1.150  0.51608383E+00  0.26634252E+00  0.00000000E+00    0.661250
 -1.140  0.52203019E+00  0.27251552E+00  0.00000000E+00    0.649800
 -1.130  0.52799219E+00  0.27877575E+00  0.00000000E+00    0.638450
 -1.120  0.53396880E+00  0.28512267E+00  0.00000000E+00    0.627200
 -1.110  0.53995897E+00  0.29155569E+00  0.00000000E+00    0.616050
 -1.100  0.54596167E+00  0.29807415E+00  0.00000000E+00    0.605000
 -1.090  0.55197583E+00  0.30467732E+00  0.00000000E+00    0.594050
 -1.080  0.55800036E+00  0.31136440E+00  0.00000000E+00    0.583200
 -1.070  0.56403416E+00  0.31813453E+00  0.00000000E+00    0.572450
 -1.060  0.57007612E+00  0.32498678E+00  0.00000000E+00    0.561800
 -1.050  0.57612512E+00  0.33192015E+00  0.00000000E+00    0.551250
 -1.040  0.58218001E+00  0.33893356E+00  0.00000000E+00    0.540800
 -1.030  0.58823964E+00  0.34602587E+00  0.00000000E+00    0.530450
 -1.020  0.59430284E+00  0.35319586E+00  0.00000000E+00    0.520200
 -1.010  0.60036842E+00  0.36044225E+00  0.00000000E+00    0.510050
 -1.000  0.60643521E+00  0.36776366E+00  0.22507908E+02    0.500000
 -0.990  0.61250198E+00  0.37515868E+00  0.22451848E+01    0.490050
 -0.980  0.61856752E+00  0.38262578E+00  0.15955433E+01    0.480200
 -0.970  0.62463060E+00  0.39016339E+00  0.13071420E+01    0.470450
 -0.960  0.63068997E+00  0.39776984E+00  0.11353738E+01    0.460800
 -0.950  0.63674439E+00  0.40544342E+00  0.10183635E+01    0.451250
 -0.940  0.64279259E+00  0.41318231E+00  0.93218230E+00    0.441800
 -0.930  0.64883329E+00  0.42098464E+00  0.86536879E+00    0.432450
 -0.920  0.65486521E+00  0.42884845E+00  0.81165592E+00    0.423200
 -0.910  0.66088706E+00  0.43677171E+00  0.76729027E+00    0.414050
 -0.900  0.66689754E+00  0.44475233E+00  0.72986892E+00    0.405000
 -0.890  0.67289533E+00  0.45278813E+00  0.69777288E+00    0.396050
 -0.880  0.67887912E+00  0.46087686E+00  0.66986634E+00    0.387200
 -0.870  0.68484758E+00  0.46901621E+00  0.64532587E+00    0.378450
 -0.860  0.69079938E+00  0.47720379E+00  0.62353799E+00    0.369800
 -0.850  0.69673318E+00  0.48543712E+00  0.60403512E+00    0.361250
 -0.840  0.70264763E+00  0.49371369E+00  0.58645373E+00    0.352800
 -0.830  0.70854137E+00  0.50203088E+00  0.57050646E+00    0.344450
 -0.820  0.71441306E+00  0.51038603E+00  0.55596270E+00    0.336200
 -0.810  0.72026134E+00  0.51877639E+00  0.54263499E+00    0.328050
 -0.800  0.72608483E+00  0.52719917E+00  0.53036917E+00    0.320000
 -0.790  0.73188216E+00  0.53565150E+00  0.51903717E+00    0.312050
 -0.780  0.73765197E+00  0.54413043E+00  0.50853156E+00    0.304200
 -0.770  0.74339288E+00  0.55263297E+00  0.49876150E+00    0.296450
 -0.760  0.74910351E+00  0.56115606E+00  0.48964957E+00    0.288800
 -0.750  0.75478248E+00  0.56969659E+00  0.48112935E+00    0.281250
 -0.740  0.76042841E+00  0.57825137E+00  0.47314347E+00    0.273800
 -0.730  0.76603993E+00  0.58681718E+00  0.46564210E+00    0.266450
 -0.720  0.77161565E+00  0.59539071E+00  0.45858171E+00    0.259200
 -0.710  0.77715420E+00  0.60396864E+00  0.45192411E+00    0.252050
 -0.700  0.78265419E+00  0.61254758E+00  0.44563562E+00    0.245000
 -0.690  0.78811425E+00  0.62112406E+00  0.43968642E+00    0.238050
 -0.680  0.79353300E+00  0.62969462E+00  0.43404997E+00    0.231200
 -0.670  0.79890908E+00  0.63825571E+00  0.42870261E+00    0.224450
 -0.660  0.80424111E+00  0.64680376E+00  0.42362316E+00    0.217800
 -0.650  0.80952774E+00  0.65533516E+00  0.41879255E+00    0.211250
 -0.640  0.81476760E+00  0.66384624E+00  0.41419362E+00    0.204800
 -0.630  0.81995934E+00  0.67233331E+00  0.40981086E+00    0.198450
 -0.620  0.82510161E+00  0.68079266E+00  0.40563020E+00    0.192200
 -0.610  0.83019307E+00  0.68922053E+00  0.40163886E+00    0.186050
 -0.600  0.83523239E+00  0.69761314E+00  0.39782520E+00    0.180000
 -0.590  0.84021823E+00  0.70596668E+00  0.39417859E+00    0.174050
 -0.580  0.84514929E+00  0.71427732E+00  0.39068929E+00    0.168200
 -0.570  0.85002424E+00  0.72254121E+00  0.38734839E+00    0.162450
 -0.560  0.85484180E+00  0.73075449E+00  0.38414769E+00    0.156800
 -0.550  0.85960065E+00  0.73891328E+00  0.38107966E+00    0.151250
 -0.540  0.86429954E+00  0.74701369E+00  0.37813733E+00    0.145800
 -0.530  0.86893718E+00  0.75505182E+00  0.37531429E+00    0.140450
 -0.520  0.87351232E+00  0.76302377E+00  0.37260459E+00    0.135200
 -0.510  0.87802370E+00  0.77092562E+00  0.37000273E+00    0.130050
 -0.500  0.88247011E+00  0.77875350E+00  0.36750360E+00    0.125000
 -0.490  0.88685031E+00  0.78650348E+00  0.36510246E+00    0.120050
 -0.480  0.89116311E+00  0.79417168E+00  0.36279490E+00    0.115200
 -0.470  0.89540730E+00  0.80175423E+00  0.36057681E+00    0.110450
 -0.460  0.89958171E+00  0.80924726E+00  0.35844435E+00    0.105800
 -0.450  0.90368518E+00  0.81664691E+00  0.35639396E+00    0.101250
 -0.440  0.90771657E+00  0.82394937E+00  0.35442228E+00    0.096800
 -0.430  0.91167474E+00  0.83115082E+00  0.35252621E+00    0.092450
 -0.420  0.91555858E+00  0.83824751E+00  0.35070280E+00    0.088200
 -0.410  0.91936699E+00  0.84523566E+00  0.34894933E+00    0.084050
 -0.400  0.92309891E+00  0.85211159E+00  0.34726322E+00    0.080000
 -0.390  0.92675326E+00  0.85887161E+00  0.34564207E+00    0.076050
 -0.380  0.93032902E+00  0.86551209E+00  0.34408361E+00    0.072200
 -0.370  0.93382516E+00  0.87202943E+00  0.34258572E+00    0.068450
 -0.360  0.93724069E+00  0.87842010E+00  0.34114640E+00    0.064800
 -0.350  0.94057461E+00  0.88468060E+00  0.33976378E+00    0.061250
 -0.340  0.94382599E+00  0.89080749E+00  0.33843608E+00    0.057800
 -0.330  0.94699387E+00  0.89679739E+00  0.33716165E+00    0.054450
 -0.320  0.95007735E+00  0.90264697E+00  0.33593892E+00    0.051200
 -0.310  0.95307553E+00  0.90835296E+00  0.33476642E+00    0.048050
 -0.300  0.95598754E+00  0.91391217E+00  0.33364277E+00    0.045000
 -0.290  0.95881254E+00  0.91932148E+00  0.33256664E+00    0.042050
 -0.280  0.96154970E+00  0.92457782E+00  0.33153683E+00    0.039200
 -0.270  0.96419822E+00  0.92967821E+00  0.33055216E+00    0.036450
 -0.260  0.96675734E+00  0.93461975E+00  0.32961155E+00    0.033800
 -0.250  0.96922629E+00  0.93939960E+00  0.32871398E+00    0.031250
 -0.240  0.97160436E+00  0.94401504E+00  0.32785847E+00    0.028800
 -0.230  0.97389085E+00  0.94846339E+00  0.32704413E+00    0.026450
 -0.220  0.97608508E+00  0.95274208E+00  0.32627010E+00    0.024200
 -0.210  0.97818641E+00  0.95684865E+00  0.32553558E+00    0.022050
 -0.200  0.98019421E+00  0.96078069E+00  0.32483983E+00    0.020000
 -0.190  0.98210789E+00  0.96453592E+00  0.32418214E+00    0.018050
 -0.180  0.98392689E+00  0.96811213E+00  0.32356186E+00    0.016200
 -0.170  0.98565067E+00  0.97150724E+00  0.32297837E+00    0.014450
 -0.160  0.98727871E+00  0.97471924E+00  0.32243110E+00    0.012800
 -0.150  0.98881052E+00  0.97774625E+00  0.32191953E+00    0.011250
 -0.140  0.99024567E+00  0.98058648E+00  0.32144316E+00    0.009800
 -0.130  0.99158371E+00  0.98323825E+00  0.32100153E+00    0.008450
 -0.120  0.99282424E+00  0.98569998E+00  0.32059424E+00    0.007200
 -0.110  0.99396691E+00  0.98797021E+00  0.32022090E+00    0.006050
 -0.100  0.99501136E+00  0.99004760E+00  0.31988116E+00    0.005000
 -0.090  0.99595728E+00  0.99193090E+00  0.31957471E+00    0.004050
 -0.080  0.99680440E+00  0.99361900E+00  0.31930126E+00    0.003200
 -0.070  0.99755245E+00  0.99511089E+00  0.31906056E+00    0.002450
 -0.060  0.99820121E+00  0.99640566E+00  0.31885240E+00    0.001800
 -0.050  0.99875050E+00  0.99750256E+00  0.31867658E+00    0.001250
 -0.040  0.99920014E+00  0.99840092E+00  0.31853294E+00    0.000800
 -0.030  0.99955000E+00  0.99910020E+00  0.31842135E+00    0.000450
 -0.020  0.99979998E+00  0.99959999E+00  0.31834172E+00    0.000200
 -0.010  0.99994999E+00  0.99989998E+00  0.31829397E+00    0.000050
  0.000  0.10000000E+01  0.10000000E+01  0.31827806E+00    0.000000
  0.010  0.99994999E+00  0.99989998E+00  0.31829397E+00    0.000050
  0.020  0.99979998E+00  0.99959999E+00  0.31834172E+00    0.000200
  0.030  0.99955000E+00  0.99910020E+00  0.31842135E+00    0.000450
  0.040  0.99920014E+00  0.99840092E+00  0.31853294E+00    0.000800
  0.050  0.99875050E+00  0.99750256E+00  0.31867658E+00    0.001250
  0.060  0.99820121E+00  0.99640566E+00  0.31885240E+00    0.001800
  0.070  0.99755245E+00  0.99511089E+00  0.31906056E+00    0.002450
  0.080  0.99680440E+00  0.99361900E+00  0.31930126E+00    0.003200
  0.090  0.99595728E+00  0.99193090E+00  0.31957471E+00    0.004050
  0.100  0.99501136E+00  0.99004760E+00  0.31988116E+00    0.005000
  0.110  0.99396691E+00  0.98797021E+00  0.32022090E+00    0.006050
  0.120  0.99282424E+00  0.98569998E+00  0.32059424E+00    0.007200
  0.130  0.99158371E+00  0.98323825E+00  0.32100153E+00    0.008450
  0.140  0.99024567E+00  0.98058648E+00  0.32144316E+00    0.009800
  0.150  0.98881052E+00  0.97774625E+00  0.32191953E+00    0.011250
  0.160  0.98727871E+00  0.97471924E+00  0.32243110E+00    0.012800
  0.170  0.98565067E+00  0.97150724E+00  0.32297837E+00    0.014450
  0.180  0.98392689E+00  0.96811213E+00  0.32356186E+00    0.016200
  0.190  0.98210789E+00  0.96453592E+00  0.32418214E+00    0.018050
  0.200  0.98019421E+00  0.96078069E+00  0.32483983E+00    0.020000
  0.210  0.97818641E+00  0.95684865E+00  0.32553558E+00    0.022050
  0.220  0.97608508E+00  0.95274208E+00  0.32627010E+00    0.024200
  0.230  0.97389085E+00  0.94846339E+00  0.32704413E+00    0.026450
  0.240  0.97160436E+00  0.94401504E+00  0.32785847E+00    0.028800
  0.250  0.96922629E+00  0.93939960E+00  0.32871398E+00    0.031250
  0.260  0.96675734E+00  0.93461975E+00  0.32961155E+00    0.033800
  0.270  0.96419822E+00  0.92967821E+00  0.33055216E+00    0.036450
  0.280  0.96154970E+00  0.92457782E+00  0.33153683E+00    0.039200
  0.290  0.95881254E+00  0.91932148E+00  0.33256664E+00    0.042050
  0.300  0.95598754E+00  0.91391217E+00  0.33364277E+00    0.045000
  0.310  0.95307553E+00  0.90835296E+00  0.33476642E+00    0.048050
  0.320  0.95007735E+00  0.90264697E+00  0.33593892E+00    0.051200
  0.330  0.94699387E+00  0.89679739E+00  0.33716165E+00    0.054450
  0.340  0.94382599E+00  0.89080749E+00  0.33843608E+00    0.057800
  0.350  0.94057461E+00  0.88468060E+00  0.33976378E+00    0.061250
  0.360  0.93724069E+00  0.87842010E+00  0.34114640E+00    0.064800
  0.370  0.93382516E+00  0.87202943E+00  0.34258572E+00    0.068450
  0.380  0.93032902E+00  0.86551209E+00  0.34408361E+00    0.072200
  0.390  0.92675326E+00  0.85887161E+00  0.34564207E+00    0.076050
  0.400  0.92309891E+00  0.85211159E+00  0.34726322E+00    0.080000
  0.410  0.91936699E+00  0.84523566E+00  0.34894933E+00    0.084050
  0.420  0.91555858E+00  0.83824751E+00  0.35070280E+00    0.088200
  0.430  0.91167474E+00  0.83115082E+00  0.35252621E+00    0.092450
  0.440  0.90771657E+00  0.82394937E+00  0.35442228E+00    0.096800
  0.450  0.90368518E+00  0.81664691E+00  0.35639396E+00    0.101250
  0.460  0.89958171E+00  0.80924726E+00  0.35844435E+00    0.105800
  0.470  0.89540730E+00  0.80175423E+00  0.36057681E+00    0.110450
  0.480  0.89116311E+00  0.79417168E+00  0.36279490E+00    0.115200
  0.490  0.88685031E+00  0.78650348E+00  0.36510246E+00    0.120050
  0.500  0.88247011E+00  0.77875350E+00  0.36750360E+00    0.125000
  0.510  0.87802370E+00  0.77092562E+00  0.37000273E+00    0.130050
  0.520  0.87351232E+00  0.76302377E+00  0.37260459E+00    0.135200
  0.530  0.86893718E+00  0.75505182E+00  0.37531429E+00    0.140450
  0.540  0.86429954E+00  0.74701369E+00  0.37813733E+00    0.145800
  0.550  0.85960065E+00  0.73891328E+00  0.38107966E+00    0.151250
  0.560  0.85484180E+00  0.73075449E+00  0.38414769E+00    0.156800
  0.570  0.85002424E+00  0.72254121E+00  0.38734839E+00    0.162450
  0.580  0.84514929E+00  0.71427732E+00  0.39068929E+00    0.168200
  0.590  0.84021823E+00  0.70596668E+00  0.39417859E+00    0.174050
  0.600  0.83523239E+00  0.69761314E+00  0.39782520E+00    0.180000
  0.610  0.83019307E+00  0.68922053E+00  0.40163886E+00    0.186050
  0.620  0.82510161E+00  0.68079266E+00  0.40563020E+00    0.192200
  0.630  0.81995934E+00  0.67233331E+00  0.40981086E+00    0.198450
  0.640  0.81476760E+00  0.66384624E+00  0.41419362E+00    0.204800
  0.650  0.80952774E+00  0.65533516E+00  0.41879255E+00    0.211250
  0.660  0.80424111E+00  0.64680376E+00  0.42362316E+00    0.217800
  0.670  0.79890908E+00  0.63825571E+00  0.42870261E+00    0.224450
  0.680  0.79353300E+00  0.62969462E+00  0.43404997E+00    0.231200
  0.690  0.78811425E+00  0.62112406E+00  0.43968642E+00    0.238050
  0.700  0.78265419E+00  0.61254758E+00  0.44563562E+00    0.245000
  0.710  0.77715420E+00  0.60396864E+00  0.45192411E+00    0.252050
  0.720  0.77161565E+00  0.59539071E+00  0.45858171E+00    0.259200
  0.730  0.76603993E+00  0.58681718E+00  0.46564210E+00    0.266450
  0.740  0.76042841E+00  0.57825137E+00  0.47314347E+00    0.273800
  0.750  0.75478248E+00  0.56969659E+00  0.48112935E+00    0.281250
  0.760  0.74910351E+00  0.56115606E+00  0.48964957E+00    0.288800
  0.770  0.74339288E+00  0.55263297E+00  0.49876150E+00    0.296450
  0.780  0.73765197E+00  0.54413043E+00  0.50853156E+00    0.304200
  0.790  0.73188216E+00  0.53565150E+00  0.51903717E+00    0.312050
  0.800  0.72608483E+00  0.52719917E+00  0.53036917E+00    0.320000
  0.810  0.72026134E+00  0.51877639E+00  0.54263499E+00    0.328050
  0.820  0.71441306E+00  0.51038603E+00  0.55596270E+00    0.336200
  0.830  0.70854137E+00  0.50203088E+00  0.57050646E+00    0.344450
  0.840  0.70264763E+00  0.49371369E+00  0.58645373E+00    0.352800
  0.850  0.69673318E+00  0.48543712E+00  0.60403512E+00    0.361250
  0.860  0.69079938E+00  0.47720379E+00  0.62353799E+00    0.369800
  0.870  0.68484758E+00  0.46901621E+00  0.64532587E+00    0.378450
  0.880  0.67887912E+00  0.46087686E+00  0.66986634E+00    0.387200
  0.890  0.67289533E+00  0.45278813E+00  0.69777288E+00    0.396050
  0.900  0.66689754E+00  0.44475233E+00  0.72986892E+00    0.405000
  0.910  0.66088706E+00  0.43677171E+00  0.76729027E+00    0.414050
  0.920  0.65486521E+00  0.42884845E+00  0.81165592E+00    0.423200
  0.930  0.64883329E+00  0.42098464E+00  0.86536879E+00    0.432450
  0.940  0.64279259E+00  0.41318231E+00  0.93218230E+00    0.441800
  0.950  0.63674439E+00  0.40544342E+00  0.10183635E+01    0.451250
  0.960  0.63068997E+00  0.39776984E+00  0.11353738E+01    0.460800
  0.970  0.62463060E+00  0.39016339E+00  0.13071420E+01    0.470450
  0.980  0.61856752E+00  0.38262578E+00  0.15955433E+01    0.480200
  0.990  0.61250198E+00  0.37515868E+00  0.22451848E+01    0.490050
  1.000  0.60643521E+00  0.36776366E+00  0.22507908E+02    0.500000
  1.010  0.60036842E+00  0.36044225E+00  0.00000000E+00    0.510050
  1.020  0.59430284E+00  0.35319586E+00  0.00000000E+00    0.520200
  1.030  0.58823964E+00  0.34602587E+00  0.00000000E+00    0.530450
  1.040  0.58218001E+00  0.33893356E+00  0.00000000E+00    0.540800
  1.050  0.57612512E+00  0.33192015E+00  0.00000000E+00    0.551250
  1.060  0.57007612E+00  0.32498678E+00  0.00000000E+00    0.561800
  1.070  0.56403416E+00  0.31813453E+00  0.00000000E+00    0.572450
  1.080  0.55800036E+00  0.31136440E+00  0.00000000E+00    0.583200
  1.090  0.55197583E+00  0.30467732E+00  0.00000000E+00    0.594050
  1.100  0.54596167E+00  0.29807415E+00  0.00000000E+00    0.605000
  1.110  0.53995897E+00  0.29155569E+00  0.00000000E+00    0.616050
  1.120  0.53396880E+00  0.28512267E+00  0.00000000E+00    0.627200
  1.130  0.52799219E+00  0.27877575E+00  0.00000000E+00    0.638450
  1.140  0.52203019E+00  0.27251552E+00  0.00000000E+00    0.649800
  1.150  0.51608383E+00  0.26634252E+00  0.00000000E+00    0.661250
  1.160  0.51015409E+00  0.26025720E+00  0.00000000E+00    0.672800
  1.170  0.50424198E+00  0.25425998E+00  0.00000000E+00    0.684450
  1.180  0.49834846E+00  0.24835119E+00  0.00000000E+00    0.696200
  1.190  0.49247449E+00  0.24253112E+00  0.00000000E+00    0.708050
  1.200  0.48662099E+00  0.23679999E+00  0.00000000E+00    0.720000
  1.210  0.48078890E+00  0.23115797E+00  0.00000000E+00    0.732050
  1.220  0.47497911E+00  0.22560516E+00  0.00000000E+00    0.744200
  1.230  0.46919251E+00  0.22014161E+00  0.00000000E+00    0.756450
  1.240  0.46342997E+00  0.21476734E+00  0.00000000E+00    0.768800
  1.250  0.45769233E+00  0.20948227E+00  0.00000000E+00    0.781250
  1.260  0.45198043E+00  0.20428630E+00  0.00000000E+00    0.793800
  1.270  0.44629507E+00  0.19917929E+00  0.00000000E+00    0.806450
  1.280  0.44063706E+00  0.19416102E+00  0.00000000E+00    0.819200
  1.290  0.43500717E+00  0.18923124E+00  0.00000000E+00    0.832050
  1.300  0.42940617E+00  0.18438965E+00  0.00000000E+00    0.845000
  1.310  0.42383478E+00  0.17963592E+00  0.00000000E+00    0.858050
  1.320  0.41829373E+00  0.17496965E+00  0.00000000E+00    0.871200
  1.330  0.41278373E+00  0.17039041E+00  0.00000000E+00    0.884450
  1.340  0.40730546E+00  0.16589774E+00  0.00000000E+00    0.897800
  1.350  0.40185959E+00  0.16149113E+00  0.00000000E+00    0.911250
  1.360  0.39644677E+00  0.15717004E+00  0.00000000E+00    0.924800
  1.370  0.39106761E+00  0.15293388E+00  0.00000000E+00    0.938450
  1.380  0.38572275E+00  0.14878204E+00  0.00000000E+00    0.952200
  1.390  0.38041275E+00  0.14471386E+00  0.00000000E+00    0.966050
  1.400  0.37513821E+00  0.14072868E+00  0.00000000E+00    0.980000
  1.410  0.36989968E+00  0.13682577E+00  0.00000000E+00    0.994050
  1.420  0.36469769E+00  0.13300440E+00  0.00000000E+00    1.008200
  1.430  0.35953276E+00  0.12926380E+00  0.00000000E+00    1.022450
  1.440  0.35440539E+00  0.12560318E+00  0.00000000E+00    1.036800
  1.450  0.34931606E+00  0.12202171E+00  0.00000000E+00    1.051250
  1.460  0.34426523E+00  0.11851855E+00  0.00000000E+00    1.065800
  1.470  0.33925336E+00  0.11509284E+00  0.00000000E+00    1.080450
  1.480  0.33428086E+00  0.11174370E+00  0.00000000E+00    1.095200
  1.490  0.32934815E+00  0.10847021E+00  0.00000000E+00    1.110050
  1.500  0.32445562E+00  0.10527145E+00  0.00000000E+00    1.125000
  1.510  0.31960364E+00  0.10214648E+00  0.00000000E+00    1.140050
  1.520  0.31479256E+00  0.99094355E-01  0.00000000E+00    1.155200
  1.530  0.31002273E+00  0.96114091E-01  0.00000000E+00    1.170450
  1.540  0.30529446E+00  0.93204707E-01  0.00000000E+00    1.185800
  1.550  0.30060806E+00  0.90365205E-01  0.00000000E+00    1.201250
  1.560  0.29596381E+00  0.87594579E-01  0.00000000E+00    1.216800
  1.570  0.29136199E+00  0.84891810E-01  0.00000000E+00    1.232450
  1.580  0.28680285E+00  0.82255872E-01  0.00000000E+00    1.248200
  1.590  0.28228661E+00  0.79685730E-01  0.00000000E+00    1.264050
  1.600  0.27781351E+00  0.77180344E-01  0.00000000E+00    1.280000
  1.610  0.27338373E+00  0.74738666E-01  0.00000000E+00    1.296050
  1.620  0.26899748E+00  0.72359646E-01  0.00000000E+00    1.312200
  1.630  0.26465492E+00  0.70042228E-01  0.00000000E+00    1.328450
  1.640  0.26035621E+00  0.67785355E-01  0.00000000E+00    1.344800
  1.650  0.25610148E+00  0.65587967E-01  0.00000000E+00    1.361250
  1.660  0.25189086E+00  0.63449003E-01  0.00000000E+00    1.377800
  1.670  0.24772445E+00  0.61367403E-01  0.00000000E+00    1.394450
  1.680  0.24360236E+00  0.59342108E-01  0.00000000E+00    1.411200
  1.690  0.23952465E+00  0.57372058E-01  0.00000000E+00    1.428050
  1.700  0.23549140E+00  0.55456199E-01  0.00000000E+00    1.445000
  1.710  0.23150265E+00  0.53593477E-01  0.00000000E+00    1.462050
  1.720  0.22755844E+00  0.51782843E-01  0.00000000E+00    1.479200
  1.730  0.22365879E+00  0.50023254E-01  0.00000000E+00    1.496450
  1.740  0.21980371E+00  0.48313670E-01  0.00000000E+00    1.513800
  1.750  0.21599319E+00  0.46653058E-01  0.00000000E+00    1.531250
  1.760  0.21222722E+00  0.45040391E-01  0.00000000E+00    1.548800
  1.770  0.20850575E+00  0.43474650E-01  0.00000000E+00    1.566450
  1.780  0.20482876E+00  0.41954822E-01  0.00000000E+00    1.584200
  1.790  0.20119618E+00  0.40479902E-01  0.00000000E+00    1.602050
  1.800  0.19760794E+00  0.39048897E-01  0.00000000E+00    1.620000
  1.810  0.19406396E+00  0.37660820E-01  0.00000000E+00    1.638050
  1.820  0.19056414E+00  0.36314693E-01  0.00000000E+00    1.656200
  1.830  0.18710839E+00  0.35009551E-01  0.00000000E+00    1.674450
  1.840  0.18369659E+00  0.33744436E-01  0.00000000E+00    1.692800
  1.850  0.18032860E+00  0.32518405E-01  0.00000000E+00    1.711250
  1.860  0.17700430E+00  0.31330521E-01  0.00000000E+00    1.729800
  1.870  0.17372352E+00  0.30179863E-01  0.00000000E+00    1.748450
  1.880  0.17048612E+00  0.29065519E-01  0.00000000E+00    1.767200
  1.890  0.16729193E+00  0.27986590E-01  0.00000000E+00    1.786050
  1.900  0.16414076E+00  0.26942190E-01  0.00000000E+00    1.805000
  1.910  0.16103243E+00  0.25931444E-01  0.00000000E+00    1.824050
  1.920  0.15796674E+00  0.24953491E-01  0.00000000E+00    1.843200
  1.930  0.15494348E+00  0.24007482E-01  0.00000000E+00    1.862450
  1.940  0.15196244E+00  0.23092583E-01  0.00000000E+00    1.881800
  1.950  0.14902339E+00  0.22207971E-01  0.00000000E+00    1.901250
  1.960  0.14612610E+00  0.21352838E-01  0.00000000E+00    1.920800
  1.970  0.14327034E+00  0.20526390E-01  0.00000000E+00    1.940450
  1.980  0.14045584E+00  0.19727844E-01  0.00000000E+00    1.960200
  1.990  0.13768236E+00  0.18956433E-01  0.00000000E+00    1.980050
  2.000  0.13494964E+00  0.18211405E-01  0.00000000E+00    2.000000
  2.010  0.13225739E+00  0.17492018E-01  0.00000000E+00    2.020050
  2.020  0.12960536E+00  0.16797548E-01  0.00000000E+00    2.040200
  2.030  0.12699324E+00  0.16127282E-01  0.00000000E+00    2.060450
  2.040  0.12442075E+00  0.15480523E-01  0.00000000E+00    2.080800
  2.050  0.12188760E+00  0.14856586E-01  0.00000000E+00    2.101250
  2.060  0.11939348E+00  0.14254802E-01  0.00000000E+00    2.121800
  2.070  0.11693808E+00  0.13674514E-01  0.00000000E+00    2.142450
  2.080  0.11452109E+00  0.13115081E-01  0.00000000E+00    2.163200
  2.090  0.11214220E+00  0.12575873E-01  0.00000000E+00    2.184050
  2.100  0.10980107E+00  0.12056276E-01  0.00000000E+00    2.205000
  2.110  0.10749739E+00  0.11555688E-01  0.00000000E+00    2.226050
  2.120  0.10523081E+00  0.11073523E-01  0.00000000E+00    2.247200
  2.130  0.10300100E+00  0.10609206E-01  0.00000000E+00    2.268450
  2.140  0.10080762E+00  0.10162176E-01  0.00000000E+00    2.289800
  2.150  0.98650321E-01  0.97318859E-02  0.00000000E+00    2.311250
  2.160  0.96528758E-01  0.93178011E-02  0.00000000E+00    2.332800
  2.170  0.94442576E-01  0.89194002E-02  0.00000000E+00    2.354450
  2.180  0.92391420E-01  0.85361745E-02  0.00000000E+00    2.376200
  2.190  0.90374932E-01  0.81676282E-02  0.00000000E+00    2.398050
  2.200  0.88392748E-01  0.78132779E-02  0.00000000E+00    2.420000
  2.210  0.86444506E-01  0.74726526E-02  0.00000000E+00    2.442050
  2.220  0.84529838E-01  0.71452935E-02  0.00000000E+00    2.464200
  2.230  0.82648375E-01  0.68307538E-02  0.00000000E+00    2.486450
  2.240  0.80799745E-01  0.65285988E-02  0.00000000E+00    2.508800
  2.250  0.78983576E-01  0.62384053E-02  0.00000000E+00    2.531250
  2.260  0.77199493E-01  0.59597617E-02  0.00000000E+00    2.553800
  2.270  0.75447118E-01  0.56922677E-02  0.00000000E+00    2.576450
  2.280  0.73726075E-01  0.54355341E-02  0.00000000E+00    2.599200
  2.290  0.72035983E-01  0.51891828E-02  0.00000000E+00    2.622050
  2.300  0.70376462E-01  0.49528465E-02  0.00000000E+00    2.645000
  2.310  0.68747132E-01  0.47261682E-02  0.00000000E+00    2.668050
  2.320  0.67147610E-01  0.45088015E-02  0.00000000E+00    2.691200
  2.330  0.65577513E-01  0.43004102E-02  0.00000000E+00    2.714450
  2.340  0.64036458E-01  0.41006680E-02  0.00000000E+00    2.737800
  2.350  0.62524062E-01  0.39092584E-02  0.00000000E+00    2.761250
  2.360  0.61039942E-01  0.37258745E-02  0.00000000E+00    2.784800
  2.370  0.59583713E-01  0.35502188E-02  0.00000000E+00    2.808450
  2.380  0.58154992E-01  0.33820031E-02  0.00000000E+00    2.832200
  2.390  0.56753396E-01  0.32209479E-02  0.00000000E+00    2.856050
  2.400  0.55378541E-01  0.30667828E-02  0.00000000E+00    2.880000
  2.410  0.54030046E-01  0.29192458E-02  0.00000000E+00    2.904050
  2.420  0.52707527E-01  0.27780834E-02  0.00000000E+00    2.928200
  2.430  0.51410605E-01  0.26430503E-02  0.00000000E+00    2.952450
  2.440  0.50138897E-01  0.25139090E-02  0.00000000E+00    2.976800
  2.450  0.48892026E-01  0.23904302E-02  0.00000000E+00    3.001250
  2.460  0.47669612E-01  0.22723919E-02  0.00000000E+00    3.025800
  2.470  0.46471277E-01  0.21595796E-02  0.00000000E+00    3.050450
  2.480  0.45296647E-01  0.20517862E-02  0.00000000E+00    3.075200
  2.490  0.44145345E-01  0.19488115E-02  0.00000000E+00    3.100050
  2.500  0.43016998E-01  0.18504621E-02  0.00000000E+00    3.125000
  2.510  0.41911234E-01  0.17565515E-02  0.00000000E+00    3.150050
  2.520  0.40827683E-01  0.16668997E-02  0.00000000E+00    3.175200
  2.530  0.39765975E-01  0.15813328E-02  0.00000000E+00    3.200450
  2.540  0.38725744E-01  0.14996832E-02  0.00000000E+00    3.225800
  2.550  0.37706623E-01  0.14217894E-02  0.00000000E+00    3.251250
  2.560  0.36708250E-01  0.13474956E-02  0.00000000E+00    3.276800
  2.570  0.35730263E-01  0.12766517E-02  0.00000000E+00    3.302450
  2.580  0.34772301E-01  0.12091129E-02  0.00000000E+00    3.328200
  2.590  0.33834007E-01  0.11447400E-02  0.00000000E+00    3.354050
  2.600  0.32915025E-01  0.10833989E-02  0.00000000E+00    3.380000
  2.610  0.32015002E-01  0.10249604E-02  0.00000000E+00    3.406050
  2.620  0.31133586E-01  0.96930016E-03  0.00000000E+00    3.432200
  2.630  0.30270427E-01  0.91629872E-03  0.00000000E+00    3.458450
  2.640  0.29425177E-01  0.86584107E-03  0.00000000E+00    3.484800
  2.650  0.28597494E-01  0.81781663E-03  0.00000000E+00    3.511250
  2.660  0.27787032E-01  0.77211914E-03  0.00000000E+00    3.537800
  2.670  0.26993452E-01  0.72864644E-03  0.00000000E+00    3.564450
  2.680  0.26216415E-01  0.68730043E-03  0.00000000E+00    3.591200
  2.690  0.25455586E-01  0.64798688E-03  0.00000000E+00    3.618050
  2.700  0.24710631E-01  0.61061529E-03  0.00000000E+00    3.645000
  2.710  0.23981219E-01  0.57509884E-03  0.00000000E+00    3.672050
  2.720  0.23267019E-01  0.54135419E-03  0.00000000E+00    3.699200
  2.730  0.22567707E-01  0.50930139E-03  0.00000000E+00    3.726450
  2.740  0.21882957E-01  0.47886379E-03  0.00000000E+00    3.753800
  2.750  0.21212446E-01  0.44996789E-03  0.00000000E+00    3.781250
  2.760  0.20555857E-01  0.42254324E-03  0.00000000E+00    3.808800
  2.770  0.19912869E-01  0.39652237E-03  0.00000000E+00    3.836450
  2.780  0.19283169E-01  0.37184062E-03  0.00000000E+00    3.864200
  2.790  0.18666444E-01  0.34843611E-03  0.00000000E+00    3.892050
  2.800  0.18062381E-01  0.32624960E-03  0.00000000E+00    3.920000
  2.810  0.17470672E-01  0.30522439E-03  0.00000000E+00    3.948050
  2.820  0.16891011E-01  0.28530627E-03  0.00000000E+00    3.976200
  2.830  0.16323094E-01  0.26644338E-03  0.00000000E+00    4.004450
  2.840  0.15766616E-01  0.24858618E-03  0.00000000E+00    4.032800
  2.850  0.15221278E-01  0.23168731E-03  0.00000000E+00    4.061250
  2.860  0.14686782E-01  0.21570155E-03  0.00000000E+00    4.089800
  2.870  0.14162829E-01  0.20058573E-03  0.00000000E+00    4.118450
  2.880  0.13649126E-01  0.18629864E-03  0.00000000E+00    4.147200
  2.890  0.13145379E-01  0.17280098E-03  0.00000000E+00    4.176050
  2.900  0.12651296E-01  0.16005528E-03  0.00000000E+00    4.205000
  2.910  0.12166587E-01  0.14802584E-03  0.00000000E+00    4.234050
  2.920  0.11690964E-01  0.13667864E-03  0.00000000E+00    4.263200
  2.930  0.11224140E-01  0.12598133E-03  0.00000000E+00    4.292450
  2.940  0.10765830E-01  0.11590309E-03  0.00000000E+00    4.321800
  2.950  0.10315748E-01  0.10641465E-03  0.00000000E+00    4.351250
  2.960  0.98736112E-02  0.97488199E-04  0.00000000E+00    4.380800
  2.970  0.94391381E-02  0.89097328E-04  0.00000000E+00    4.410450
  2.980  0.90120470E-02  0.81216992E-04  0.00000000E+00    4.440200
  2.990  0.85920576E-02  0.73823454E-04  0.00000000E+00    4.470050
  3.000  0.81788902E-02  0.66894245E-04  0.00000000E+00    4.500000
  3.010  0.77722658E-02  0.60408115E-04  0.00000000E+00    4.530050
  3.020  0.73719057E-02  0.54344994E-04  0.00000000E+00    4.560200
  3.030  0.69775317E-02  0.48685949E-04  0.00000000E+00    4.590450
  3.040  0.65888659E-02  0.43413154E-04  0.00000000E+00    4.620800
  3.050  0.62056302E-02  0.38509846E-04  0.00000000E+00    4.651250
  3.060  0.58275466E-02  0.33960300E-04  0.00000000E+00    4.681800
  3.070  0.54543369E-02  0.29749791E-04  0.00000000E+00    4.712450
  3.080  0.50857222E-02  0.25864570E-04  0.00000000E+00    4.743200
  3.090  0.47214234E-02  0.22291839E-04  0.00000000E+00    4.774050
  3.100  0.43611604E-02  0.19019720E-04  0.00000000E+00    4.805000
  3.110  0.40046523E-02  0.16037240E-04  0.00000000E+00    4.836050
  3.120  0.36516169E-02  0.13334306E-04  0.00000000E+00    4.867200
  3.130  0.33017710E-02  0.10901692E-04  0.00000000E+00    4.898450
  3.140  0.29548296E-02  0.87310177E-05  0.00000000E+00    4.929800
  3.150  0.26105059E-02  0.68147410E-05  0.00000000E+00    4.961250
  3.160  0.22685114E-02  0.51461440E-05  0.00000000E+00    4.992800
  3.170  0.19285553E-02  0.37193254E-05  0.00000000E+00    5.024450
  3.180  0.15903442E-02  0.25291947E-05  0.00000000E+00    5.056200
  3.190  0.12535823E-02  0.15714686E-05  0.00000000E+00    5.088050
  3.200  0.91797070E-03  0.84267021E-06  0.00000000E+00    5.120000
  3.210  0.58320727E-03  0.34013072E-06  0.00000000E+00    5.152050
  3.220  0.24898645E-03  0.61994252E-07  0.00000000E+00    5.184200
  3.230 -0.85001118E-04  0.72251901E-08  0.00000000E+00    5.216450
  3.240 -0.41906886E-03  0.17561871E-06  0.00000000E+00    5.248800
  3.250 -0.75353462E-03  0.56781442E-06  0.00000000E+00    5.281250
  3.260 -0.10887209E-02  0.11853132E-05  0.00000000E+00    5.313800
  3.270 -0.14249554E-02  0.20304978E-05  0.00000000E+00    5.346450
  3.280 -0.17625710E-02  0.31066566E-05  0.00000000E+00    5.379200
  3.290 -0.21019066E-02  0.44180113E-05  0.00000000E+00    5.412050
  3.300 -0.24433071E-02  0.59697494E-05  0.00000000E+00    5.445000
  3.310 -0.27871239E-02  0.77680597E-05  0.00000000E+00    5.478050
  3.320 -0.31337156E-02  0.98201734E-05  0.00000000E+00    5.511200
  3.330 -0.34834480E-02  0.12134410E-04  0.00000000E+00    5.544450
  3.340 -0.38366947E-02  0.14720226E-04  0.00000000E+00    5.577800
  3.350 -0.41938377E-02  0.17588274E-04  0.00000000E+00    5.611250
  3.360 -0.45552678E-02  0.20750464E-04  0.00000000E+00    5.644800
  3.370 -0.49213850E-02  0.24220030E-04  0.00000000E+00    5.678450
  3.380 -0.52925991E-02  0.28011605E-04  0.00000000E+00    5.712200
  3.390 -0.56693303E-02  0.32141306E-04  0.00000000E+00    5.746050
  3.400 -0.60520097E-02  0.36626822E-04  0.00000000E+00    5.780000
  3.410 -0.64410800E-02  0.41487511E-04  0.00000000E+00    5.814050
  3.420 -0.68369957E-02  0.46744510E-04  0.00000000E+00    5.848200
  3.430 -0.72402244E-02  0.52420850E-04  0.00000000E+00    5.882450
  3.440 -0.76512471E-02  0.58541582E-04  0.00000000E+00    5.916800
  3.450 -0.80705586E-02  0.65133916E-04  0.00000000E+00    5.951250
  3.460 -0.84986689E-02  0.72227372E-04  0.00000000E+00    5.985800
  3.470 -0.89361034E-02  0.79853944E-04  0.00000000E+00    6.020450
  3.480 -0.93834040E-02  0.88048270E-04  0.00000000E+00    6.055200
  3.490 -0.98411297E-02  0.96847834E-04  0.00000000E+00    6.090050
  3.500 -0.10309858E-01  0.10629317E-03  0.00000000E+00    6.125000
  3.510 -0.10790184E-01  0.11642807E-03  0.00000000E+00    6.160050
  3.520 -0.11282725E-01  0.12729988E-03  0.00000000E+00    6.195200
  3.530 -0.11788117E-01  0.13895970E-03  0.00000000E+00    6.230450
  3.540 -0.12307019E-01  0.15146272E-03  0.00000000E+00    6.265800
  3.550 -0.12840113E-01  0.16486850E-03  0.00000000E+00    6.301250
  3.560 -0.13388104E-01  0.17924133E-03  0.00000000E+00    6.336800
  3.570 -0.13951724E-01  0.19465060E-03  0.00000000E+00    6.372450
  3.580 -0.14531729E-01  0.21117116E-03  0.00000000E+00    6.408200
  3.590 -0.15128906E-01  0.22888380E-03  0.00000000E+00    6.444050
  3.600 -0.15744068E-01  0.24787567E-03  0.00000000E+00    6.480000
  3.610 -0.16378059E-01  0.26824082E-03  0.00000000E+00    6.516050
  3.620 -0.17031756E-01  0.29008072E-03  0.00000000E+00    6.552200
  3.630 -0.17706069E-01  0.31350488E-03  0.00000000E+00    6.588450
  3.640 -0.18401942E-01  0.33863146E-03  0.00000000E+00    6.624800
  3.650 -0.19120356E-01  0.36558801E-03  0.00000000E+00    6.661250
  3.660 -0.19862331E-01  0.39451219E-03  0.00000000E+00    6.697800
  3.670 -0.20628926E-01  0.42555258E-03  0.00000000E+00    6.734450
  3.680 -0.21421243E-01  0.45886963E-03  0.00000000E+00    6.771200
  3.690 -0.22240426E-01  0.49463655E-03  0.00000000E+00    6.808050
  3.700 -0.23087668E-01  0.53304041E-03  0.00000000E+00    6.845000
  3.710 -0.23964208E-01  0.57428325E-03  0.00000000E+00    6.882050
  3.720 -0.24871335E-01  0.61858330E-03  0.00000000E+00    6.919200
  3.730 -0.25810393E-01  0.66617636E-03  0.00000000E+00    6.956450
  3.740 -0.26782778E-01  0.71731722E-03  0.00000000E+00    6.993800
  3.750 -0.27789948E-01  0.77228121E-03  0.00000000E+00    7.031250
  3.760 -0.28833418E-01  0.83136598E-03  0.00000000E+00    7.068800
  3.770 -0.29914767E-01  0.89489330E-03  0.00000000E+00    7.106450
  3.780 -0.31035642E-01  0.96321108E-03  0.00000000E+00    7.144200
  3.790 -0.32197758E-01  0.10366956E-02  0.00000000E+00    7.182050
  3.800 -0.33402902E-01  0.11157539E-02  0.00000000E+00    7.220000
  3.810 -0.34652939E-01  0.12008262E-02  0.00000000E+00    7.258050
  3.820 -0.35949813E-01  0.12923891E-02  0.00000000E+00    7.296200
  3.830 -0.37295551E-01  0.13909581E-02  0.00000000E+00    7.334450
  3.840 -0.38692266E-01  0.14970915E-02  0.00000000E+00    7.372800
  3.850 -0.40142166E-01  0.16113935E-02  0.00000000E+00    7.411250
  3.860 -0.41647551E-01  0.17345185E-02  0.00000000E+00    7.449800
  3.870 -0.43210824E-01  0.18671754E-02  0.00000000E+00    7.488450
  3.880 -0.44834492E-01  0.20101317E-02  0.00000000E+00    7.527200
  3.890 -0.46521171E-01  0.21642193E-02  0.00000000E+00    7.566050
  3.900 -0.48273593E-01  0.23303398E-02  0.00000000E+00    7.605000
  3.910 -0.50094611E-01  0.25094700E-02  0.00000000E+00    7.644050
  3.920 -0.51987203E-01  0.27026693E-02  0.00000000E+00    7.683200
  3.930 -0.53954482E-01  0.29110861E-02  0.00000000E+00    7.722450
  3.940 -0.55999696E-01  0.31359659E-02  0.00000000E+00    7.761800
  3.950 -0.58126240E-01  0.33786598E-02  0.00000000E+00    7.801250
  3.960 -0.60337663E-01  0.36406335E-02  0.00000000E+00    7.840800
  3.970 -0.62637669E-01  0.39234776E-02  0.00000000E+00    7.880450
  3.980 -0.65030133E-01  0.42289182E-02  0.00000000E+00    7.920200
  3.990 -0.67519103E-01  0.45588293E-02  0.00000000E+00    7.960050
  4.000 -0.70108811E-01  0.49152454E-02  0.00000000E+00    8.000000
  4.010 -0.72803681E-01  0.53003759E-02  0.00000000E+00    8.040050
  4.020 -0.75608338E-01  0.57166207E-02  0.00000000E+00    8.080200
  4.030 -0.78527618E-01  0.61665868E-02  0.00000000E+00    8.120450
  4.040 -0.81566581E-01  0.66531071E-02  0.00000000E+00    8.160800
  4.050 -0.84730514E-01  0.71792600E-02  0.00000000E+00    8.201250
  4.060 -0.88024952E-01  0.77483922E-02  0.00000000E+00    8.241800
  4.070 -0.91455683E-01  0.83641420E-02  0.00000000E+00    8.282450
  4.080 -0.95028762E-01  0.90304656E-02  0.00000000E+00    8.323200
  4.090 -0.98750524E-01  0.97516661E-02  0.00000000E+00    8.364050
  4.100 -0.10262760E+00  0.10532424E-01  0.00000000E+00    8.405000
  4.110 -0.10666693E+00  0.11377834E-01  0.00000000E+00    8.446050
  4.120 -0.11087577E+00  0.12293437E-01  0.00000000E+00    8.487200
  4.130 -0.11526173E+00  0.13285266E-01  0.00000000E+00    8.528450
  4.140 -0.11983276E+00  0.14359890E-01  0.00000000E+00    8.569800
  4.150 -0.12459719E+00  0.15524461E-01  0.00000000E+00    8.611250
  4.160 -0.12956375E+00  0.16786766E-01  0.00000000E+00    8.652800
  4.170 -0.13474157E+00  0.18155290E-01  0.00000000E+00    8.694450
  4.180 -0.14014021E+00  0.19639278E-01  0.00000000E+00    8.736200
  4.190 -0.14576969E+00  0.21248803E-01  0.00000000E+00    8.778050
  4.200 -0.15164051E+00  0.22994844E-01  0.00000000E+00    8.820000
  4.210 -0.15776366E+00  0.24889371E-01  0.00000000E+00    8.862050
  4.220 -0.16415064E+00  0.26945433E-01  0.00000000E+00    8.904200
  4.230 -0.17081354E+00  0.29177264E-01  0.00000000E+00    8.946450
  4.240 -0.17776498E+00  0.31600389E-01  0.00000000E+00    8.988800
  4.250 -0.18501822E+00  0.34231744E-01  0.00000000E+00    9.031250
  4.260 -0.19258715E+00  0.37089811E-01  0.00000000E+00    9.073800
  4.270 -0.20048632E+00  0.40194763E-01  0.00000000E+00    9.116450
  4.280 -0.20873097E+00  0.43568619E-01  0.00000000E+00    9.159200
  4.290 -0.21733711E+00  0.47235420E-01  0.00000000E+00    9.202050
  4.300 -0.22632150E+00  0.51221423E-01  0.00000000E+00    9.245000
  4.310 -0.23570173E+00  0.55555305E-01  0.00000000E+00    9.288050
  4.320 -0.24549622E+00  0.60268393E-01  0.00000000E+00    9.331200
  4.330 -0.25572431E+00  0.65394923E-01  0.00000000E+00    9.374450
  4.340 -0.26640628E+00  0.70972305E-01  0.00000000E+00    9.417800
  4.350 -0.27756339E+00  0.77041437E-01  0.00000000E+00    9.461250
  4.360 -0.28921796E+00  0.83647031E-01  0.00000000E+00    9.504800
  4.370 -0.30139340E+00  0.90837982E-01  0.00000000E+00    9.548450
  4.380 -0.31411426E+00  0.98667768E-01  0.00000000E+00    9.592200
  4.390 -0.32740631E+00  0.10719489E+00  0.00000000E+00    9.636050
  4.400 -0.34129659E+00  0.11648337E+00  0.00000000E+00    9.680000
  4.410 -0.35581349E+00  0.12660324E+00  0.00000000E+00    9.724050
  4.420 -0.37098679E+00  0.13763120E+00  0.00000000E+00    9.768200
  4.430 -0.38684776E+00  0.14965119E+00  0.00000000E+00    9.812450
  4.440 -0.40342922E+00  0.16275513E+00  0.00000000E+00    9.856800
  4.450 -0.42076563E+00  0.17704372E+00  0.00000000E+00    9.901250
  4.460 -0.43889318E+00  0.19262722E+00  0.00000000E+00    9.945800
  4.470 -0.45784986E+00  0.20962649E+00  0.00000000E+00    9.990450
  4.480 -0.47767557E+00  0.22817395E+00  0.00000000E+00   10.035200
  4.490 -0.49841222E+00  0.24841474E+00  0.00000000E+00   10.080050
  4.500 -0.52010382E+00  0.27050798E+00  0.00000000E+00   10.125000
  4.510 -0.54279661E+00  0.29462816E+00  0.00000000E+00   10.170050
  4.520 -0.56653916E+00  0.32096662E+00  0.00000000E+00   10.215200
  4.530 -0.59138251E+00  0.34973328E+00  0.00000000E+00   10.260450
  4.540 -0.61738028E+00  0.38115842E+00  0.00000000E+00   10.305800
  4.550 -0.64458882E+00  0.41549475E+00  0.00000000E+00   10.351250
  4.560 -0.67306735E+00  0.45301966E+00  0.00000000E+00   10.396800
  4.570 -0.70287811E+00  0.49403764E+00  0.00000000E+00   10.442450
  4.580 -0.73408652E+00  0.53888302E+00  0.00000000E+00   10.488200
