# x(i)     phi(i)          |phi(i)|**2   p_classical(i)    vpot(i)
 -5.000 -0.10031338E-07  0.10062774E-15  0.00000000E+00   12.500000
 -4.990  0.35557745E-06  0.12643533E-12  0.00000000E+00   12.450050
 -4.980  0.72203608E-06  0.52133610E-12  0.00000000E+00   12.400200
 -4.970  0.10902132E-05  0.11885648E-11  0.00000000E+00   12.350450
 -4.960  0.14609742E-05  0.21344456E-11  0.00000000E+00   12.300800
 -4.950  0.18351833E-05  0.33678978E-11  0.00000000E+00   12.251250
 -4.940  0.22137056E-05  0.49004925E-11  0.00000000E+00   12.201800
 -4.930  0.25974088E-05  0.67465322E-11  0.00000000E+00   12.152450
 -4.920  0.29871651E-05  0.89231556E-11  0.00000000E+00   12.103200
 -4.910  0.33838537E-05  0.11450466E-10  0.00000000E+00   12.054050
 -4.900  0.37883616E-05  0.14351684E-10  0.00000000E+00   12.005000
 -4.890  0.42015866E-05  0.17653330E-10  0.00000000E+00   11.956050
 -4.880  0.46244383E-05  0.21385430E-10  0.00000000E+00   11.907200
 -4.870  0.50578404E-05  0.25581750E-10  0.00000000E+00   11.858450
 -4.860  0.55027324E-05  0.30280063E-10  0.00000000E+00   11.809800
 -4.850  0.59600713E-05  0.35522449E-10  0.00000000E+00   11.761250
 -4.840  0.64308337E-05  0.41355623E-10  0.00000000E+00   11.712800
 -4.830  0.69160178E-05  0.47831302E-10  0.00000000E+00   11.664450
 -4.820  0.74166445E-05  0.55006615E-10  0.00000000E+00   11.616200
 -4.810  0.79337602E-05  0.62944551E-10  0.00000000E+00   11.568050
 -4.800  0.84684381E-05  0.71714445E-10  0.00000000E+00   11.520000
 -4.790  0.90217806E-05  0.81392524E-10  0.00000000E+00   11.472050
 -4.780  0.95949205E-05  0.92062499E-10  0.00000000E+00   11.424200
 -4.770  0.10189024E-04  0.10381620E-09  0.00000000E+00   11.376450
 -4.760  0.10805291E-04  0.11675432E-09  0.00000000E+00   11.328800
 -4.750  0.11444960E-04  0.13098711E-09  0.00000000E+00   11.281250
 -4.740  0.12109307E-04  0.14663532E-09  0.00000000E+00   11.233800
 -4.730  0.12799650E-04  0.16383105E-09  0.00000000E+00   11.186450
 -4.720  0.13517350E-04  0.18271875E-09  0.00000000E+00   11.139200
 -4.710  0.14263812E-04  0.20345634E-09  0.00000000E+00   11.092050
 -4.700  0.15040491E-04  0.22621638E-09  0.00000000E+00   11.045000
 -4.690  0.15848891E-04  0.25118734E-09  0.00000000E+00   10.998050
 -4.680  0.16690567E-04  0.27857501E-09  0.00000000E+00   10.951200
 -4.670  0.17567130E-04  0.30860405E-09  0.00000000E+00   10.904450
 -4.660  0.18480248E-04  0.34151957E-09  0.00000000E+00   10.857800
 -4.650  0.19431650E-04  0.37758901E-09  0.00000000E+00   10.811250
 -4.640  0.20423124E-04  0.41710399E-09  0.00000000E+00   10.764800
 -4.630  0.21456526E-04  0.46038251E-09  0.00000000E+00   10.718450
 -4.620  0.22533779E-04  0.50777119E-09  0.00000000E+00   10.672200
 -4.610  0.23656875E-04  0.55964774E-09  0.00000000E+00   10.626050
 -4.600  0.24827882E-04  0.61642371E-09  0.00000000E+00   10.580000
 -4.590  0.26048941E-04  0.67854734E-09  0.00000000E+00   10.534050
 -4.580  0.27322276E-04  0.74650677E-09  0.00000000E+00   10.488200
 -4.570  0.28650191E-04  0.82083344E-09  0.00000000E+00   10.442450
 -4.560  0.30035076E-04  0.90210582E-09  0.00000000E+00   10.396800
 -4.550  0.31479412E-04  0.99095339E-09  0.00000000E+00   10.351250
 -4.540  0.32985770E-04  0.10880610E-08  0.00000000E+00   10.305800
 -4.530  0.34556819E-04  0.11941737E-08  0.00000000E+00   10.260450
 -4.520  0.36195325E-04  0.13101016E-08  0.00000000E+00   10.215200
 -4.510  0.37904161E-04  0.14367254E-08  0.00000000E+00   10.170050
 -4.500  0.39686304E-04  0.15750027E-08  0.00000000E+00   10.125000
 -4.490  0.41544842E-04  0.17259739E-08  0.00000000E+00   10.080050
 -4.480  0.43482981E-04  0.18907697E-08  0.00000000E+00   10.035200
 -4.470  0.45504044E-04  0.20706180E-08  0.00000000E+00    9.990450
 -4.460  0.47611478E-04  0.22668528E-08  0.00000000E+00    9.945800
 -4.450  0.49808857E-04  0.24809223E-08  0.00000000E+00    9.901250
 -4.440  0.52099890E-04  0.27143985E-08  0.00000000E+00    9.856800
 -4.430  0.54488420E-04  0.29689880E-08  0.00000000E+00    9.812450
 -4.420  0.56978435E-04  0.32465420E-08  0.00000000E+00    9.768200
 -4.410  0.59574067E-04  0.35490694E-08  0.00000000E+00    9.724050
 -4.400  0.62279602E-04  0.38787488E-08  0.00000000E+00    9.680000
 -4.390  0.65099482E-04  0.42379425E-08  0.00000000E+00    9.636050
 -4.380  0.68038313E-04  0.46292120E-08  0.00000000E+00    9.592200
 -4.370  0.71100867E-04  0.50553333E-08  0.00000000E+00    9.548450
 -4.360  0.74292092E-04  0.55193149E-08  0.00000000E+00    9.504800
 -4.350  0.77617114E-04  0.60244164E-08  0.00000000E+00    9.461250
 -4.340  0.81081245E-04  0.65741683E-08  0.00000000E+00    9.417800
 -4.330  0.84689990E-04  0.71723944E-08  0.00000000E+00    9.374450
 -4.320  0.88449050E-04  0.78232345E-08  0.00000000E+00    9.331200
 -4.310  0.92364333E-04  0.85311699E-08  0.00000000E+00    9.288050
 -4.300  0.96441956E-04  0.93010508E-08  0.00000000E+00    9.245000
 -4.290  0.10068826E-03  0.10138125E-07  0.00000000E+00    9.202050
 -4.280  0.10510979E-03  0.11048069E-07  0.00000000E+00    9.159200
 -4.270  0.10971337E-03  0.12037023E-07  0.00000000E+00    9.116450
 -4.260  0.11450601E-03  0.13111626E-07  0.00000000E+00    9.073800
 -4.250  0.11949500E-03  0.14279055E-07  0.00000000E+00    9.031250
 -4.240  0.12468788E-03  0.15547067E-07  0.00000000E+00    8.988800
 -4.230  0.13009245E-03  0.16924045E-07  0.00000000E+00    8.946450
 -4.220  0.13571678E-03  0.18419044E-07  0.00000000E+00    8.904200
 -4.210  0.14156923E-03  0.20041847E-07  0.00000000E+00    8.862050
 -4.200  0.14765844E-03  0.21803016E-07  0.00000000E+00    8.820000
 -4.190  0.15399336E-03  0.23713956E-07  0.00000000E+00    8.778050
 -4.180  0.16058323E-03  0.25786974E-07  0.00000000E+00    8.736200
 -4.170  0.16743762E-03  0.28035357E-07  0.00000000E+00    8.694450
 -4.160  0.17456642E-03  0.30473436E-07  0.00000000E+00    8.652800
 -4.150  0.18197987E-03  0.33116672E-07  0.00000000E+00    8.611250
 -4.140  0.18968853E-03  0.35981737E-07  0.00000000E+00    8.569800
 -4.130  0.19770333E-03  0.39086608E-07  0.00000000E+00    8.528450
 -4.120  0.20603559E-03  0.42450666E-07  0.00000000E+00    8.487200
 -4.110  0.21469698E-03  0.46094795E-07  0.00000000E+00    8.446050
 -4.100  0.22369957E-03  0.50041498E-07  0.00000000E+00    8.405000
 -4.090  0.23305583E-03  0.54315019E-07  0.00000000E+00    8.364050
 -4.080  0.24277864E-03  0.58941467E-07  0.00000000E+00    8.323200
 -4.070  0.25288131E-03  0.63948957E-07  0.00000000E+00    8.282450
 -4.060  0.26337759E-03  0.69367754E-07  0.00000000E+00    8.241800
 -4.050  0.27428167E-03  0.75230435E-07  0.00000000E+00    8.201250
 -4.040  0.28560822E-03  0.81572053E-07  0.00000000E+00    8.160800
 -4.030  0.29737236E-03  0.88430319E-07  0.00000000E+00    8.120450
 -4.020  0.30958972E-03  0.95845796E-07  0.00000000E+00    8.080200
 -4.010  0.32227644E-03  0.10386210E-06  0.00000000E+00    8.040050
 -4.000  0.33544915E-03  0.11252613E-06  0.00000000E+00    8.000000
 -3.990  0.34912503E-03  0.12188829E-06  0.00000000E+00    7.960050
 -3.980  0.36332182E-03  0.13200274E-06  0.00000000E+00    7.920200
 -3.970  0.37805779E-03  0.14292769E-06  0.00000000E+00    7.880450
 -3.960  0.39335180E-03  0.15472564E-06  0.00000000E+00    7.840800
 -3.950  0.40922332E-03  0.16746373E-06  0.00000000E+00    7.801250
 -3.940  0.42569241E-03  0.18121403E-06  0.00000000E+00    7.761800
 -3.930  0.44277976E-03  0.19605391E-06  0.00000000E+00    7.722450
 -3.920  0.46050669E-03  0.21206642E-06  0.00000000E+00    7.683200
 -3.910  0.47889521E-03  0.22934063E-06  0.00000000E+00    7.644050
 -3.900  0.49796799E-03  0.24797212E-06  0.00000000E+00    7.605000
 -3.890  0.51774837E-03  0.26806337E-06  0.00000000E+00    7.566050
 -3.880  0.53826044E-03  0.28972430E-06  0.00000000E+00    7.527200
 -3.870  0.55952901E-03  0.31307271E-06  0.00000000E+00    7.488450
 -3.860  0.58157962E-03  0.33823485E-06  0.00000000E+00    7.449800
 -3.850  0.60443861E-03  0.36534603E-06  0.00000000E+00    7.411250
 -3.840  0.62813308E-03  0.39455116E-06  0.00000000E+00    7.372800
 -3.830  0.65269096E-03  0.42600548E-06  0.00000000E+00    7.334450
 -3.820  0.67814099E-03  0.45987520E-06  0.00000000E+00    7.296200
 -3.810  0.70451278E-03  0.49633826E-06  0.00000000E+00    7.258050
 -3.800  0.73183680E-03  0.53558511E-06  0.00000000E+00    7.220000
 -3.790  0.76014441E-03  0.57781953E-06  0.00000000E+00    7.182050
 -3.780  0.78946788E-03  0.62325954E-06  0.00000000E+00    7.144200
 -3.770  0.81984044E-03  0.67213834E-06  0.00000000E+00    7.106450
 -3.760  0.85129623E-03  0.72470528E-06  0.00000000E+00    7.068800
 -3.750  0.88387043E-03  0.78122694E-06  0.00000000E+00    7.031250
 -3.740  0.91759918E-03  0.84198826E-06  0.00000000E+00    6.993800
 -3.730  0.95251968E-03  0.90729374E-06  0.00000000E+00    6.956450
 -3.720  0.98867016E-03  0.97746868E-06  0.00000000E+00    6.919200
 -3.710  0.10260899E-02  0.10528605E-05  0.00000000E+00    6.882050
 -3.700  0.10648194E-02  0.11338404E-05  0.00000000E+00    6.845000
 -3.690  0.11049001E-02  0.12208043E-05  0.00000000E+00    6.808050
 -3.680  0.11463748E-02  0.13141753E-05  0.00000000E+00    6.771200
 -3.670  0.11892874E-02  0.14144044E-05  0.00000000E+00    6.734450
 -3.660  0.12336828E-02  0.15219732E-05  0.00000000E+00    6.697800
 -3.650  0.12796075E-02  0.16373952E-05  0.00000000E+00    6.661250
 -3.640  0.13271089E-02  0.17612181E-05  0.00000000E+00    6.624800
 -3.630  0.13762360E-02  0.18940256E-05  0.00000000E+00    6.588450
 -3.620  0.14270390E-02  0.20364402E-05  0.00000000E+00    6.552200
 -3.610  0.14795692E-02  0.21891252E-05  0.00000000E+00    6.516050
 -3.600  0.15338798E-02  0.23527871E-05  0.00000000E+00    6.480000
 -3.590  0.15900248E-02  0.25281789E-05  0.00000000E+00    6.444050
 -3.580  0.16480601E-02  0.27161021E-05  0.00000000E+00    6.408200
 -3.570  0.17080428E-02  0.29174102E-05  0.00000000E+00    6.372450
 -3.560  0.17700316E-02  0.31330117E-05  0.00000000E+00    6.336800
 -3.550  0.18340866E-02  0.33638737E-05  0.00000000E+00    6.301250
 -3.540  0.19002696E-02  0.36110247E-05  0.00000000E+00    6.265800
 -3.530  0.19686440E-02  0.38755592E-05  0.00000000E+00    6.230450
 -3.520  0.20392746E-02  0.41586409E-05  0.00000000E+00    6.195200
 -3.510  0.21122280E-02  0.44615072E-05  0.00000000E+00    6.160050
 -3.500  0.21875725E-02  0.47854734E-05  0.00000000E+00    6.125000
 -3.490  0.22653780E-02  0.51319375E-05  0.00000000E+00    6.090050
 -3.480  0.23457162E-02  0.55023846E-05  0.00000000E+00    6.055200
 -3.470  0.24286606E-02  0.58983924E-05  0.00000000E+00    6.020450
 -3.460  0.25142865E-02  0.63216366E-05  0.00000000E+00    5.985800
 -3.450  0.26026709E-02  0.67738960E-05  0.00000000E+00    5.951250
 -3.440  0.26938929E-02  0.72570592E-05  0.00000000E+00    5.916800
 -3.430  0.27880334E-02  0.77731303E-05  0.00000000E+00    5.882450
 -3.420  0.28851752E-02  0.83242357E-05  0.00000000E+00    5.848200
 -3.410  0.29854030E-02  0.89126312E-05  0.00000000E+00    5.814050
 -3.400  0.30888038E-02  0.95407089E-05  0.00000000E+00    5.780000
 -3.390  0.31954663E-02  0.10211005E-04  0.00000000E+00    5.746050
 -3.380  0.33054816E-02  0.10926209E-04  0.00000000E+00    5.712200
 -3.370  0.34189427E-02  0.11689169E-04  0.00000000E+00    5.678450
 -3.360  0.35359447E-02  0.12502905E-04  0.00000000E+00    5.644800
 -3.350  0.36565850E-02  0.13370614E-04  0.00000000E+00    5.611250
 -3.340  0.37809633E-02  0.14295684E-04  0.00000000E+00    5.577800
 -3.330  0.39091814E-02  0.15281699E-04  0.00000000E+00    5.544450
 -3.320  0.40413434E-02  0.16332457E-04  0.00000000E+00    5.511200
 -3.310  0.41775559E-02  0.17451973E-04  0.00000000E+00    5.478050
 -3.300  0.43179275E-02  0.18644498E-04  0.00000000E+00    5.445000
 -3.290  0.44625696E-02  0.19914528E-04  0.00000000E+00    5.412050
 -3.280  0.46115958E-02  0.21266816E-04  0.00000000E+00    5.379200
 -3.270  0.47651221E-02  0.22706389E-04  0.00000000E+00    5.346450
 -3.260  0.49232672E-02  0.24238560E-04  0.00000000E+00    5.313800
 -3.250  0.50861523E-02  0.25868945E-04  0.00000000E+00    5.281250
 -3.240  0.52539010E-02  0.27603476E-04  0.00000000E+00    5.248800
 -3.230  0.54266396E-02  0.29448418E-04  0.00000000E+00    5.216450
 -3.220  0.56044972E-02  0.31410389E-04  0.00000000E+00    5.184200
 -3.210  0.57876052E-02  0.33496374E-04  0.00000000E+00    5.152050
 -3.200  0.59760982E-02  0.35713749E-04  0.00000000E+00    5.120000
 -3.190  0.61701130E-02  0.38070294E-04  0.00000000E+00    5.088050
 -3.180  0.63697896E-02  0.40574219E-04  0.00000000E+00    5.056200
 -3.170  0.65752706E-02  0.43234183E-04  0.00000000E+00    5.024450
 -3.160  0.67867015E-02  0.46059317E-04  0.00000000E+00    4.992800
 -3.150  0.70042306E-02  0.49059247E-04  0.00000000E+00    4.961250
 -3.140  0.72280093E-02  0.52244119E-04  0.00000000E+00    4.929800
 -3.130  0.74581918E-02  0.55624624E-04  0.00000000E+00    4.898450
 -3.120  0.76949351E-02  0.59212026E-04  0.00000000E+00    4.867200
 -3.110  0.79383995E-02  0.63018187E-04  0.00000000E+00    4.836050
 -3.100  0.81887482E-02  0.67055596E-04  0.00000000E+00    4.805000
 -3.090  0.84461473E-02  0.71337405E-04  0.00000000E+00    4.774050
 -3.080  0.87107664E-02  0.75877451E-04  0.00000000E+00    4.743200
 -3.070  0.89827777E-02  0.80690295E-04  0.00000000E+00    4.712450
 -3.060  0.92623570E-02  0.85791257E-04  0.00000000E+00    4.681800
 -3.050  0.95496829E-02  0.91196443E-04  0.00000000E+00    4.651250
 -3.040  0.98449374E-02  0.96922793E-04  0.00000000E+00    4.620800
 -3.030  0.10148306E-01  0.10298811E-03  0.00000000E+00    4.590450
 -3.020  0.10459976E-01  0.10941111E-03  0.00000000E+00    4.560200
 -3.010  0.10780141E-01  0.11621144E-03  0.00000000E+00    4.530050
 -3.000  0.11108994E-01  0.12340976E-03  0.00000000E+00    4.500000
 -2.990  0.11446735E-01  0.13102774E-03  0.00000000E+00    4.470050
 -2.980  0.11793564E-01  0.13908816E-03  0.00000000E+00    4.440200
 -2.970  0.12149688E-01  0.14761491E-03  0.00000000E+00    4.410450
 -2.960  0.12515313E-01  0.15663306E-03  0.00000000E+00    4.380800
 -2.950  0.12890652E-01  0.16616892E-03  0.00000000E+00    4.351250
 -2.940  0.13275921E-01  0.17625007E-03  0.00000000E+00    4.321800
 -2.930  0.13671337E-01  0.18690545E-03  0.00000000E+00    4.292450
 -2.920  0.14077122E-01  0.19816537E-03  0.00000000E+00    4.263200
 -2.910  0.14493503E-01  0.21006162E-03  0.00000000E+00    4.234050
 -2.900  0.14920707E-01  0.22262750E-03  0.00000000E+00    4.205000
 -2.890  0.15358968E-01  0.23589790E-03  0.00000000E+00    4.176050
 -2.880  0.15808521E-01  0.24990933E-03  0.00000000E+00    4.147200
 -2.870  0.16269605E-01  0.26470004E-03  0.00000000E+00    4.118450
 -2.860  0.16742463E-01  0.28031007E-03  0.00000000E+00    4.089800
 -2.850  0.17227342E-01  0.29678131E-03  0.00000000E+00    4.061250
 -2.840  0.17724491E-01  0.31415758E-03  0.00000000E+00    4.032800
 -2.830  0.18234163E-01  0.33248471E-03  0.00000000E+00    4.004450
 -2.820  0.18756616E-01  0.35181063E-03  0.00000000E+00    3.976200
 -2.810  0.19292109E-01  0.37218545E-03  0.00000000E+00    3.948050
 -2.800  0.19840905E-01  0.39366153E-03  0.00000000E+00    3.920000
 -2.790  0.20403274E-01  0.41629357E-03  0.00000000E+00    3.892050
 -2.780  0.20979483E-01  0.44013873E-03  0.00000000E+00    3.864200
 -2.770  0.21569809E-01  0.46525667E-03  0.00000000E+00    3.836450
 -2.760  0.22174528E-01  0.49170970E-03  0.00000000E+00    3.808800
 -2.750  0.22793922E-01  0.51956286E-03  0.00000000E+00    3.781250
 -2.740  0.23428273E-01  0.54888400E-03  0.00000000E+00    3.753800
 -2.730  0.24077871E-01  0.57974389E-03  0.00000000E+00    3.726450
 -2.720  0.24743007E-01  0.61221638E-03  0.00000000E+00    3.699200
 -2.710  0.25423974E-01  0.64637843E-03  0.00000000E+00    3.672050
 -2.700  0.26121070E-01  0.68231028E-03  0.00000000E+00    3.645000
 -2.690  0.26834596E-01  0.72009553E-03  0.00000000E+00    3.618050
 -2.680  0.27564856E-01  0.75982131E-03  0.00000000E+00    3.591200
 -2.670  0.28312159E-01  0.80157833E-03  0.00000000E+00    3.564450
 -2.660  0.29076813E-01  0.84546107E-03  0.00000000E+00    3.537800
 -2.650  0.29859134E-01  0.89156787E-03  0.00000000E+00    3.511250
 -2.640  0.30659437E-01  0.94000107E-03  0.00000000E+00    3.484800
 -2.630  0.31478043E-01  0.99086716E-03  0.00000000E+00    3.458450
 -2.620  0.32315273E-01  0.10442769E-02  0.00000000E+00    3.432200
 -2.610  0.33171455E-01  0.11003455E-02  0.00000000E+00    3.406050
 -2.600  0.34046917E-01  0.11591925E-02  0.00000000E+00    3.380000
 -2.590  0.34941989E-01  0.12209426E-02  0.00000000E+00    3.354050
 -2.580  0.35857007E-01  0.12857250E-02  0.00000000E+00    3.328200
 -2.570  0.36792307E-01  0.13536739E-02  0.00000000E+00    3.302450
 -2.560  0.37748229E-01  0.14249288E-02  0.00000000E+00    3.276800
 -2.550  0.38725114E-01  0.14996345E-02  0.00000000E+00    3.251250
 -2.540  0.39723309E-01  0.15779412E-02  0.00000000E+00    3.225800
 -2.530  0.40743158E-01  0.16600049E-02  0.00000000E+00    3.200450
 -2.520  0.41785013E-01  0.17459873E-02  0.00000000E+00    3.175200
 -2.510  0.42849224E-01  0.18360560E-02  0.00000000E+00    3.150050
 -2.500  0.43936146E-01  0.19303850E-02  0.00000000E+00    3.125000
 -2.490  0.45046135E-01  0.20291543E-02  0.00000000E+00    3.100050
 -2.480  0.46179548E-01  0.21325506E-02  0.00000000E+00    3.075200
 -2.470  0.47336745E-01  0.22407674E-02  0.00000000E+00    3.050450
 -2.460  0.48518088E-01  0.23540049E-02  0.00000000E+00    3.025800
 -2.450  0.49723941E-01  0.24724703E-02  0.00000000E+00    3.001250
 -2.440  0.50954668E-01  0.25963782E-02  0.00000000E+00    2.976800
 -2.430  0.52210636E-01  0.27259505E-02  0.00000000E+00    2.952450
 -2.420  0.53492213E-01  0.28614168E-02  0.00000000E+00    2.928200
 -2.410  0.54799768E-01  0.30030146E-02  0.00000000E+00    2.904050
 -2.400  0.56133671E-01  0.31509890E-02  0.00000000E+00    2.880000
 -2.390  0.57494294E-01  0.33055938E-02  0.00000000E+00    2.856050
 -2.380  0.58882009E-01  0.34670909E-02  0.00000000E+00    2.832200
 -2.370  0.60297188E-01  0.36357509E-02  0.00000000E+00    2.808450
 -2.360  0.61740207E-01  0.38118531E-02  0.00000000E+00    2.784800
 -2.350  0.63211438E-01  0.39956859E-02  0.00000000E+00    2.761250
 -2.340  0.64711257E-01  0.41875467E-02  0.00000000E+00    2.737800
 -2.330  0.66240038E-01  0.43877426E-02  0.00000000E+00    2.714450
 -2.320  0.67798155E-01  0.45965899E-02  0.00000000E+00    2.691200
 -2.310  0.69385985E-01  0.48144150E-02  0.00000000E+00    2.668050
 -2.300  0.71003902E-01  0.50415541E-02  0.00000000E+00    2.645000
 -2.290  0.72652279E-01  0.52783536E-02  0.00000000E+00    2.622050
 -2.280  0.74331490E-01  0.55251704E-02  0.00000000E+00    2.599200
 -2.270  0.76041909E-01  0.57823719E-02  0.00000000E+00    2.576450
 -2.260  0.77783907E-01  0.60503363E-02  0.00000000E+00    2.553800
 -2.250  0.79557856E-01  0.63294525E-02  0.00000000E+00    2.531250
 -2.240  0.81364126E-01  0.66201209E-02  0.00000000E+00    2.508800
 -2.230  0.83203084E-01  0.69227532E-02  0.00000000E+00    2.486450
 -2.220  0.85075098E-01  0.72377723E-02  0.00000000E+00    2.464200
 -2.210  0.86980533E-01  0.75656131E-02  0.00000000E+00    2.442050
 -2.200  0.88919752E-01  0.79067223E-02  0.00000000E+00    2.420000
 -2.190  0.90893117E-01  0.82615586E-02  0.00000000E+00    2.398050
 -2.180  0.92900985E-01  0.86305930E-02  0.00000000E+00    2.376200
 -2.170  0.94943714E-01  0.90143087E-02  0.00000000E+00    2.354450
 -2.160  0.97021656E-01  0.94132017E-02  0.00000000E+00    2.332800
 -2.150  0.99135163E-01  0.98277805E-02  0.00000000E+00    2.311250
 -2.140  0.10128458E+00  0.10258566E-01  0.00000000E+00    2.289800
 -2.130  0.10347026E+00  0.10706094E-01  0.00000000E+00    2.268450
 -2.120  0.10569253E+00  0.11170910E-01  0.00000000E+00    2.247200
 -2.110  0.10795173E+00  0.11653576E-01  0.00000000E+00    2.226050
 -2.100  0.11024820E+00  0.12154666E-01  0.00000000E+00    2.205000
 -2.090  0.11258227E+00  0.12674766E-01  0.00000000E+00    2.184050
 -2.080  0.11495425E+00  0.13214479E-01  0.00000000E+00    2.163200
 -2.070  0.11736447E+00  0.13774419E-01  0.00000000E+00    2.142450
 -2.060  0.11981325E+00  0.14355214E-01  0.00000000E+00    2.121800
 -2.050  0.12230088E+00  0.14957506E-01  0.00000000E+00    2.101250
 -2.040  0.12482769E+00  0.15581952E-01  0.00000000E+00    2.080800
 -2.030  0.12739396E+00  0.16229221E-01  0.00000000E+00    2.060450
 -2.020  0.12999999E+00  0.16899997E-01  0.00000000E+00    2.040200
 -2.010  0.13264606E+00  0.17594978E-01  0.00000000E+00    2.020050
 -2.000  0.13533246E+00  0.18314876E-01  0.00000000E+00    2.000000
 -1.990  0.13805946E+00  0.19060415E-01  0.00000000E+00    1.980050
 -1.980  0.14082733E+00  0.19832337E-01  0.00000000E+00    1.960200
 -1.970  0.14363632E+00  0.20631394E-01  0.00000000E+00    1.940450
 -1.960  0.14648670E+00  0.21458353E-01  0.00000000E+00    1.920800
 -1.950  0.14937870E+00  0.22313996E-01  0.00000000E+00    1.901250
 -1.940  0.15231256E+00  0.23199117E-01  0.00000000E+00    1.881800
 -1.930  0.15528852E+00  0.24114525E-01  0.00000000E+00    1.862450
 -1.920  0.15830679E+00  0.25061040E-01  0.00000000E+00    1.843200
 -1.910  0.16136759E+00  0.26039500E-01  0.00000000E+00    1.824050
 -1.900  0.16447112E+00  0.27050750E-01  0.00000000E+00    1.805000
 -1.890  0.16761758E+00  0.28095653E-01  0.00000000E+00    1.786050
 -1.880  0.17080715E+00  0.29175083E-01  0.00000000E+00    1.767200
 -1.870  0.17404001E+00  0.30289926E-01  0.00000000E+00    1.748450
 -1.860  0.17731633E+00  0.31441081E-01  0.00000000E+00    1.729800
 -1.850  0.18063626E+00  0.32629458E-01  0.00000000E+00    1.711250
 -1.840  0.18399995E+00  0.33855981E-01  0.00000000E+00    1.692800
 -1.830  0.18740753E+00  0.35121583E-01  0.00000000E+00    1.674450
 -1.820  0.19085914E+00  0.36427210E-01  0.00000000E+00    1.656200
 -1.810  0.19435488E+00  0.37773818E-01  0.00000000E+00    1.638050
 -1.800  0.19789485E+00  0.39162372E-01  0.00000000E+00    1.620000
 -1.790  0.20147916E+00  0.40593850E-01  0.00000000E+00    1.602050
 -1.780  0.20510787E+00  0.42069238E-01  0.00000000E+00    1.584200
 -1.770  0.20878106E+00  0.43589530E-01  0.00000000E+00    1.566450
 -1.760  0.21249878E+00  0.45155730E-01  0.00000000E+00    1.548800
 -1.750  0.21626107E+00  0.46768851E-01  0.00000000E+00    1.531250
 -1.740  0.22006797E+00  0.48429910E-01  0.00000000E+00    1.513800
 -1.730  0.22391949E+00  0.50139936E-01  0.00000000E+00    1.496450
 -1.720  0.22781563E+00  0.51899961E-01  0.00000000E+00    1.479200
 -1.710  0.23175639E+00  0.53711024E-01  0.00000000E+00    1.462050
 -1.700  0.23574174E+00  0.55574168E-01  0.00000000E+00    1.445000
 -1.690  0.23977165E+00  0.57490443E-01  0.00000000E+00    1.428050
 -1.680  0.24384606E+00  0.59460900E-01  0.00000000E+00    1.411200
 -1.670  0.24796491E+00  0.61486595E-01  0.00000000E+00    1.394450
 -1.660  0.25212812E+00  0.63568587E-01  0.00000000E+00    1.377800
 -1.650  0.25633559E+00  0.65707934E-01  0.00000000E+00    1.361250
 -1.640  0.26058721E+00  0.67905696E-01  0.00000000E+00    1.344800
 -1.630  0.26488287E+00  0.70162934E-01  0.00000000E+00    1.328450
 -1.620  0.26922241E+00  0.72480707E-01  0.00000000E+00    1.312200
 -1.610  0.27360569E+00  0.74860073E-01  0.00000000E+00    1.296050
 -1.600  0.27803253E+00  0.77302085E-01  0.00000000E+00    1.280000
 -1.590  0.28250274E+00  0.79807796E-01  0.00000000E+00    1.264050
 -1.580  0.28701612E+00  0.82378251E-01  0.00000000E+00    1.248200
 -1.570  0.29157244E+00  0.85014490E-01  0.00000000E+00    1.232450
 -1.560  0.29617149E+00  0.87717549E-01  0.00000000E+00    1.216800
 -1.550  0.30081299E+00  0.90488453E-01  0.00000000E+00    1.201250
 -1.540  0.30549668E+00  0.93328220E-01  0.00000000E+00    1.185800
 -1.530  0.31022227E+00  0.96237857E-01  0.00000000E+00    1.170450
 -1.520  0.31498946E+00  0.99218360E-01  0.00000000E+00    1.155200
 -1.510  0.31979793E+00  0.10227071E+00  0.00000000E+00    1.140050
 -1.500  0.32464733E+00  0.10539589E+00  0.00000000E+00    1.125000
 -1.490  0.32953732E+00  0.10859484E+00  0.00000000E+00    1.110050
 -1.480  0.33446751E+00  0.11186851E+00  0.00000000E+00    1.095200
 -1.470  0.33943752E+00  0.11521783E+00  0.00000000E+00    1.080450
 -1.460  0.34444693E+00  0.11864369E+00  0.00000000E+00    1.065800
 -1.450  0.34949532E+00  0.12214698E+00  0.00000000E+00    1.051250
 -1.440  0.35458224E+00  0.12572857E+00  0.00000000E+00    1.036800
 -1.430  0.35970723E+00  0.12938929E+00  0.00000000E+00    1.022450
 -1.420  0.36486981E+00  0.13312998E+00  0.00000000E+00    1.008200
 -1.410  0.37006947E+00  0.13695142E+00  0.00000000E+00    0.994050
 -1.400  0.37530570E+00  0.14085437E+00  0.00000000E+00    0.980000
 -1.390  0.38057796E+00  0.14483959E+00  0.00000000E+00    0.966050
 -1.380  0.38588570E+00  0.14890777E+00  0.00000000E+00    0.952200
 -1.370  0.39122833E+00  0.15305961E+00  0.00000000E+00    0.938450
 -1.360  0.39660527E+00  0.15729574E+00  0.00000000E+00    0.924800
 -1.350  0.40201590E+00  0.16161679E+00  0.00000000E+00    0.911250
 -1.340  0.40745961E+00  0.16602333E+00  0.00000000E+00    0.897800
 -1.330  0.41293573E+00  0.17051591E+00  0.00000000E+00    0.884450
 -1.320  0.41844360E+00  0.17509504E+00  0.00000000E+00    0.871200
 -1.310  0.42398253E+00  0.17976119E+00  0.00000000E+00    0.858050
 -1.300  0.42955183E+00  0.18451477E+00  0.00000000E+00    0.845000
 -1.290  0.43515077E+00  0.18935619E+00  0.00000000E+00    0.832050
 -1.280  0.44077860E+00  0.19428578E+00  0.00000000E+00    0.819200
 -1.270  0.44643458E+00  0.19930383E+00  0.00000000E+00    0.806450
 -1.260  0.45211792E+00  0.20441061E+00  0.00000000E+00    0.793800
 -1.250  0.45782782E+00  0.20960631E+00  0.00000000E+00    0.781250
 -1.240  0.46356348E+00  0.21489110E+00  0.00000000E+00    0.768800
 -1.230  0.46932406E+00  0.22026507E+00  0.00000000E+00    0.756450
 -1.220  0.47510871E+00  0.22572828E+00  0.00000000E+00    0.744200
 -1.210  0.48091656E+00  0.23128074E+00  0.00000000E+00    0.732050
 -1.200  0.48674674E+00  0.23692238E+00  0.00000000E+00    0.720000
 -1.190  0.49259833E+00  0.24265311E+00  0.00000000E+00    0.708050
 -1.180  0.49847042E+00  0.24847276E+00  0.00000000E+00    0.696200
 -1.170  0.50436207E+00  0.25438109E+00  0.00000000E+00    0.684450
 -1.160  0.51027232E+00  0.26037784E+00  0.00000000E+00    0.672800
 -1.150  0.51620021E+00  0.26646266E+00  0.00000000E+00    0.661250
 -1.140  0.52214475E+00  0.27263514E+00  0.00000000E+00    0.649800
 -1.130  0.52810494E+00  0.27889482E+00  0.00000000E+00    0.638450
 -1.120  0.53407974E+00  0.28524117E+00  0.00000000E+00    0.627200
 -1.110  0.54006814E+00  0.29167359E+00  0.00000000E+00    0.616050
 -1.100  0.54606906E+00  0.29819142E+00  0.00000000E+00    0.605000
 -1.090  0.55208146E+00  0.30479394E+00  0.00000000E+00    0.594050
 -1.080  0.55810424E+00  0.31148035E+00  0.00000000E+00    0.583200
 -1.070  0.56413631E+00  0.31824978E+00  0.00000000E+00    0.572450
 -1.060  0.57017656E+00  0.32510130E+00  0.00000000E+00    0.561800
 -1.050  0.57622385E+00  0.33203392E+00  0.00000000E+00    0.551250
 -1.040  0.58227705E+00  0.33904656E+00  0.00000000E+00    0.540800
 -1.030  0.58833500E+00  0.34613807E+00  0.00000000E+00    0.530450
 -1.020  0.59439653E+00  0.35330723E+00  0.00000000E+00    0.520200
 -1.010  0.60046046E+00  0.36055277E+00  0.00000000E+00    0.510050
 -1.000  0.60652561E+00  0.36787331E+00  0.00000000E+00    0.500000
 -0.990  0.61259075E+00  0.37526742E+00  0.22567934E+01    0.490050
 -0.980  0.61865467E+00  0.38273360E+00  0.15996936E+01    0.480200
 -0.970  0.62471615E+00  0.39027026E+00  0.13094212E+01    0.470450
 -0.960  0.63077393E+00  0.39787575E+00  0.11368663E+01    0.460800
 -0.950  0.63682677E+00  0.40554833E+00  0.10194402E+01    0.451250
 -0.940  0.64287340E+00  0.41328620E+00  0.93300785E+00    0.441800
 -0.930  0.64891254E+00  0.42108749E+00  0.86602913E+00    0.432450
 -0.920  0.65494292E+00  0.42895023E+00  0.81220069E+00    0.423200
 -0.910  0.66096324E+00  0.43687241E+00  0.76775046E+00    0.414050
 -0.900  0.66697220E+00  0.44485192E+00  0.73026497E+00    0.405000
 -0.890  0.67296849E+00  0.45288659E+00  0.69811892E+00    0.396050
 -0.880  0.67895079E+00  0.46097417E+00  0.67017249E+00    0.387200
 -0.870  0.68491776E+00  0.46911234E+00  0.64559957E+00    0.378450
 -0.860  0.69086809E+00  0.47729872E+00  0.62378489E+00    0.369800
 -0.850  0.69680043E+00  0.48553085E+00  0.60425955E+00    0.361250
 -0.840  0.70271344E+00  0.49380618E+00  0.58665913E+00    0.352800
 -0.830  0.70860576E+00  0.50212212E+00  0.57069555E+00    0.344450
 -0.820  0.71447603E+00  0.51047599E+00  0.55613768E+00    0.336200
 -0.810  0.72032289E+00  0.51886507E+00  0.54279768E+00    0.328050
 -0.800  0.72614499E+00  0.52728655E+00  0.53052108E+00    0.320000
 -0.790  0.73194094E+00  0.53573755E+00  0.51917955E+00    0.312050
 -0.780  0.73770939E+00  0.54421514E+00  0.50866546E+00    0.304200
 -0.770  0.74344894E+00  0.55271632E+00  0.49888783E+00    0.296450
 -0.760  0.74915823E+00  0.56123805E+00  0.48976910E+00    0.288800
 -0.750  0.75483587E+00  0.56977719E+00  0.48124275E+00    0.281250
 -0.740  0.76048049E+00  0.57833058E+00  0.47325131E+00    0.273800
 -0.730  0.76609071E+00  0.58689497E+00  0.46574489E+00    0.266450
 -0.720  0.77166514E+00  0.59546709E+00  0.45867990E+00    0.259200
 -0.710  0.77720241E+00  0.60404359E+00  0.45201808E+00    0.252050
 -0.700  0.78270114E+00  0.61262107E+00  0.44572573E+00    0.245000
 -0.690  0.78815995E+00  0.62119611E+00  0.43977296E+00    0.238050
 -0.680  0.79357747E+00  0.62976520E+00  0.43413322E+00    0.231200
 -0.670  0.79895233E+00  0.63832482E+00  0.42878283E+00    0.224450
 -0.660  0.80428316E+00  0.64687140E+00  0.42370055E+00    0.217800
 -0.650  0.80956859E+00  0.65540131E+00  0.41886732E+00    0.211250
 -0.640  0.81480728E+00  0.66391090E+00  0.41426596E+00    0.204800
 -0.630  0.81999785E+00  0.67239648E+00  0.40988093E+00    0.198450
 -0.620  0.82513898E+00  0.68085433E+00  0.40569815E+00    0.192200
 -0.610  0.83022931E+00  0.68928070E+00  0.40170482E+00    0.186050
 -0.600  0.83526751E+00  0.69767180E+00  0.39788930E+00    0.180000
 -0.590  0.84025225E+00  0.70602384E+00  0.39424094E+00    0.174050
 -0.580  0.84518221E+00  0.71433298E+00  0.39075000E+00    0.168200
 -0.570  0.85005610E+00  0.72259537E+00  0.38740755E+00    0.162450
 -0.560  0.85487259E+00  0.73080715E+00  0.38420540E+00    0.156800
 -0.550  0.85963041E+00  0.73896444E+00  0.38113600E+00    0.151250
 -0.540  0.86432827E+00  0.74706335E+00  0.37819237E+00    0.145800
 -0.530  0.86896490E+00  0.75509999E+00  0.37536811E+00    0.140450
 -0.520  0.87353904E+00  0.76307045E+00  0.37265725E+00    0.135200
 -0.510  0.87804945E+00  0.77097083E+00  0.37005429E+00    0.130050
 -0.500  0.88249489E+00  0.77879723E+00  0.36755413E+00    0.125000
 -0.490  0.88687415E+00  0.78654576E+00  0.36515201E+00    0.120050
 -0.480  0.89118601E+00  0.79421251E+00  0.36284351E+00    0.115200
 -0.470  0.89542929E+00  0.80179362E+00  0.36062453E+00    0.110450
 -0.460  0.89960281E+00  0.80928521E+00  0.35849123E+00    0.105800
 -0.450  0.90370540E+00  0.81668345E+00  0.35644004E+00    0.101250
 -0.440  0.90773592E+00  0.82398451E+00  0.35446760E+00    0.096800
 -0.430  0.91169325E+00  0.83118458E+00  0.35257080E+00    0.092450
 -0.420  0.91557626E+00  0.83827988E+00  0.35074671E+00    0.088200
 -0.410  0.91938386E+00  0.84526669E+00  0.34899258E+00    0.084050
 -0.400  0.92311499E+00  0.85214128E+00  0.34730585E+00    0.080000
 -0.390  0.92676857E+00  0.85889998E+00  0.34568410E+00    0.076050
 -0.380  0.93034357E+00  0.86553916E+00  0.34412508E+00    0.072200
 -0.370  0.93383897E+00  0.87205522E+00  0.34262665E+00    0.068450
 -0.360  0.93725377E+00  0.87844464E+00  0.34118682E+00    0.064800
 -0.350  0.94058700E+00  0.88470390E+00  0.33980371E+00    0.061250
 -0.340  0.94383769E+00  0.89082958E+00  0.33847554E+00    0.057800
 -0.330  0.94700490E+00  0.89681829E+00  0.33720067E+00    0.054450
 -0.320  0.95008773E+00  0.90266670E+00  0.33597752E+00    0.051200
 -0.310  0.95308528E+00  0.90837155E+00  0.33480461E+00    0.048050
 -0.300  0.95599668E+00  0.91392966E+00  0.33368057E+00    0.045000
 -0.290  0.95882109E+00  0.91933788E+00  0.33260409E+00    0.042050
 -0.280  0.96155768E+00  0.92459317E+00  0.33157392E+00    0.039200
 -0.270  0.96420565E+00  0.92969253E+00  0.33058893E+00    0.036450
 -0.260  0.96676423E+00  0.93463308E+00  0.32964800E+00    0.033800
 -0.250  0.96923267E+00  0.93941197E+00  0.32875013E+00    0.031250
 -0.240  0.97161025E+00  0.94402647E+00  0.32789435E+00    0.028800
 -0.230  0.97389626E+00  0.94847392E+00  0.32707974E+00    0.026450
 -0.220  0.97609003E+00  0.95275175E+00  0.32630546E+00    0.024200
 -0.210  0.97819092E+00  0.95685748E+00  0.32557070E+00    0.022050
 -0.200  0.98019831E+00  0.96078872E+00  0.32487472E+00    0.020000
 -0.190  0.98211159E+00  0.96454318E+00  0.32421682E+00    0.018050
 -0.180  0.98393022E+00  0.96811867E+00  0.32359634E+00    0.016200
 -0.170  0.98565363E+00  0.97151309E+00  0.32301266E+00    0.014450
 -0.160  0.98728134E+00  0.97472444E+00  0.32246522E+00    0.012800
 -0.150  0.98881284E+00  0.97775083E+00  0.32195349E+00    0.011250
 -0.140  0.99024768E+00  0.98059047E+00  0.32147697E+00    0.009800
 -0.130  0.99158544E+00  0.98324169E+00  0.32103520E+00    0.008450
 -0.120  0.99282572E+00  0.98570292E+00  0.32062779E+00    0.007200
 -0.110  0.99396815E+00  0.98797269E+00  0.32025433E+00    0.006050
 -0.100  0.99501239E+00  0.99004965E+00  0.31991448E+00    0.005000
 -0.090  0.99595811E+00  0.99193257E+00  0.31960793E+00    0.004050
 -0.080  0.99680505E+00  0.99362032E+00  0.31933440E+00    0.003200
 -0.070  0.99755295E+00  0.99511189E+00  0.31909363E+00    0.002450
 -0.060  0.99820159E+00  0.99640640E+00  0.31888540E+00    0.001800
 -0.050  0.99875076E+00  0.99750308E+00  0.31870952E+00    0.001250
 -0.040  0.99920030E+00  0.99840125E+00  0.31856584E+00    0.000800
 -0.030  0.99955009E+00  0.99910039E+00  0.31845422E+00    0.000450
 -0.020  0.99980002E+00  0.99960007E+00  0.31837456E+00    0.000200
 -0.010  0.99995000E+00  0.99990000E+00  0.31832680E+00    0.000050
  0.000  0.10000000E+01  0.10000000E+01  0.31831088E+00    0.000000
  0.010  0.99995000E+00  0.99990000E+00  0.31832680E+00    0.000050
  0.020  0.99980002E+00  0.99960007E+00  0.31837456E+00    0.000200
  0.030  0.99955009E+00  0.99910039E+00  0.31845422E+00    0.000450
  0.040  0.99920030E+00  0.99840125E+00  0.31856584E+00    0.000800
  0.050  0.99875076E+00  0.99750308E+00  0.31870952E+00    0.001250
  0.060  0.99820159E+00  0.99640640E+00  0.31888540E+00    0.001800
  0.070  0.99755295E+00  0.99511189E+00  0.31909363E+00    0.002450
  0.080  0.99680505E+00  0.99362032E+00  0.31933440E+00    0.003200
  0.090  0.99595811E+00  0.99193257E+00  0.31960793E+00    0.004050
  0.100  0.99501239E+00  0.99004965E+00  0.31991448E+00    0.005000
  0.110  0.99396815E+00  0.98797269E+00  0.32025433E+00    0.006050
  0.120  0.99282572E+00  0.98570292E+00  0.32062779E+00    0.007200
  0.130  0.99158544E+00  0.98324169E+00  0.32103520E+00    0.008450
  0.140  0.99024768E+00  0.98059047E+00  0.32147697E+00    0.009800
  0.150  0.98881284E+00  0.97775083E+00  0.32195349E+00    0.011250
  0.160  0.98728134E+00  0.97472444E+00  0.32246522E+00    0.012800
  0.170  0.98565363E+00  0.97151309E+00  0.32301266E+00    0.014450
  0.180  0.98393022E+00  0.96811867E+00  0.32359634E+00    0.016200
  0.190  0.98211159E+00  0.96454318E+00  0.32421682E+00    0.018050
  0.200  0.98019831E+00  0.96078872E+00  0.32487472E+00    0.020000
  0.210  0.97819092E+00  0.95685748E+00  0.32557070E+00    0.022050
  0.220  0.97609003E+00  0.95275175E+00  0.32630546E+00    0.024200
  0.230  0.97389626E+00  0.94847392E+00  0.32707974E+00    0.026450
  0.240  0.97161025E+00  0.94402647E+00  0.32789435E+00    0.028800
  0.250  0.96923267E+00  0.93941197E+00  0.32875013E+00    0.031250
  0.260  0.96676423E+00  0.93463308E+00  0.32964800E+00    0.033800
  0.270  0.96420565E+00  0.92969253E+00  0.33058893E+00    0.036450
  0.280  0.96155768E+00  0.92459317E+00  0.33157392E+00    0.039200
  0.290  0.95882109E+00  0.91933788E+00  0.33260409E+00    0.042050
  0.300  0.95599668E+00  0.91392966E+00  0.33368057E+00    0.045000
  0.310  0.95308528E+00  0.90837155E+00  0.33480461E+00    0.048050
  0.320  0.95008773E+00  0.90266670E+00  0.33597752E+00    0.051200
  0.330  0.94700490E+00  0.89681829E+00  0.33720067E+00    0.054450
  0.340  0.94383769E+00  0.89082958E+00  0.33847554E+00    0.057800
  0.350  0.94058700E+00  0.88470390E+00  0.33980371E+00    0.061250
  0.360  0.93725377E+00  0.87844464E+00  0.34118682E+00    0.064800
  0.370  0.93383897E+00  0.87205522E+00  0.34262665E+00    0.068450
  0.380  0.93034357E+00  0.86553916E+00  0.34412508E+00    0.072200
  0.390  0.92676857E+00  0.85889998E+00  0.34568410E+00    0.076050
  0.400  0.92311499E+00  0.85214128E+00  0.34730585E+00    0.080000
  0.410  0.91938386E+00  0.84526669E+00  0.34899258E+00    0.084050
  0.420  0.91557626E+00  0.83827988E+00  0.35074671E+00    0.088200
  0.430  0.91169325E+00  0.83118458E+00  0.35257080E+00    0.092450
  0.440  0.90773592E+00  0.82398451E+00  0.35446760E+00    0.096800
  0.450  0.90370540E+00  0.81668345E+00  0.35644004E+00    0.101250
  0.460  0.89960281E+00  0.80928521E+00  0.35849123E+00    0.105800
  0.470  0.89542929E+00  0.80179362E+00  0.36062453E+00    0.110450
  0.480  0.89118601E+00  0.79421251E+00  0.36284351E+00    0.115200
  0.490  0.88687415E+00  0.78654576E+00  0.36515201E+00    0.120050
  0.500  0.88249489E+00  0.77879723E+00  0.36755413E+00    0.125000
  0.510  0.87804945E+00  0.77097083E+00  0.37005429E+00    0.130050
  0.520  0.87353904E+00  0.76307045E+00  0.37265725E+00    0.135200
  0.530  0.86896490E+00  0.75509999E+00  0.37536811E+00    0.140450
  0.540  0.86432827E+00  0.74706335E+00  0.37819237E+00    0.145800
  0.550  0.85963041E+00  0.73896444E+00  0.38113600E+00    0.151250
  0.560  0.85487259E+00  0.73080715E+00  0.38420540E+00    0.156800
  0.570  0.85005610E+00  0.72259537E+00  0.38740755E+00    0.162450
  0.580  0.84518221E+00  0.71433298E+00  0.39075000E+00    0.168200
  0.590  0.84025225E+00  0.70602384E+00  0.39424094E+00    0.174050
  0.600  0.83526751E+00  0.69767180E+00  0.39788930E+00    0.180000
  0.610  0.83022931E+00  0.68928070E+00  0.40170482E+00    0.186050
  0.620  0.82513898E+00  0.68085433E+00  0.40569815E+00    0.192200
  0.630  0.81999785E+00  0.67239648E+00  0.40988093E+00    0.198450
  0.640  0.81480728E+00  0.66391090E+00  0.41426596E+00    0.204800
  0.650  0.80956859E+00  0.65540131E+00  0.41886732E+00    0.211250
  0.660  0.80428316E+00  0.64687140E+00  0.42370055E+00    0.217800
  0.670  0.79895233E+00  0.63832482E+00  0.42878283E+00    0.224450
  0.680  0.79357747E+00  0.62976520E+00  0.43413322E+00    0.231200
  0.690  0.78815995E+00  0.62119611E+00  0.43977296E+00    0.238050
  0.700  0.78270114E+00  0.61262107E+00  0.44572573E+00    0.245000
  0.710  0.77720241E+00  0.60404359E+00  0.45201808E+00    0.252050
  0.720  0.77166514E+00  0.59546709E+00  0.45867990E+00    0.259200
  0.730  0.76609071E+00  0.58689497E+00  0.46574489E+00    0.266450
  0.740  0.76048049E+00  0.57833058E+00  0.47325131E+00    0.273800
  0.750  0.75483587E+00  0.56977719E+00  0.48124275E+00    0.281250
  0.760  0.74915823E+00  0.56123805E+00  0.48976910E+00    0.288800
  0.770  0.74344894E+00  0.55271632E+00  0.49888783E+00    0.296450
  0.780  0.73770939E+00  0.54421514E+00  0.50866546E+00    0.304200
  0.790  0.73194094E+00  0.53573755E+00  0.51917955E+00    0.312050
  0.800  0.72614499E+00  0.52728655E+00  0.53052108E+00    0.320000
  0.810  0.72032289E+00  0.51886507E+00  0.54279768E+00    0.328050
  0.820  0.71447603E+00  0.51047599E+00  0.55613768E+00    0.336200
  0.830  0.70860576E+00  0.50212212E+00  0.57069555E+00    0.344450
  0.840  0.70271344E+00  0.49380618E+00  0.58665913E+00    0.352800
  0.850  0.69680043E+00  0.48553085E+00  0.60425955E+00    0.361250
  0.860  0.69086809E+00  0.47729872E+00  0.62378489E+00    0.369800
  0.870  0.68491776E+00  0.46911234E+00  0.64559957E+00    0.378450
  0.880  0.67895079E+00  0.46097417E+00  0.67017249E+00    0.387200
  0.890  0.67296849E+00  0.45288659E+00  0.69811892E+00    0.396050
  0.900  0.66697220E+00  0.44485192E+00  0.73026497E+00    0.405000
  0.910  0.66096324E+00  0.43687241E+00  0.76775046E+00    0.414050
  0.920  0.65494292E+00  0.42895023E+00  0.81220069E+00    0.423200
  0.930  0.64891254E+00  0.42108749E+00  0.86602913E+00    0.432450
  0.940  0.64287340E+00  0.41328620E+00  0.93300785E+00    0.441800
  0.950  0.63682677E+00  0.40554833E+00  0.10194402E+01    0.451250
  0.960  0.63077393E+00  0.39787575E+00  0.11368663E+01    0.460800
  0.970  0.62471615E+00  0.39027026E+00  0.13094212E+01    0.470450
  0.980  0.61865467E+00  0.38273360E+00  0.15996936E+01    0.480200
  0.990  0.61259075E+00  0.37526742E+00  0.22567934E+01    0.490050
  1.000  0.60652561E+00  0.36787331E+00  0.00000000E+00    0.500000
  1.010  0.60046046E+00  0.36055277E+00  0.00000000E+00    0.510050
  1.020  0.59439653E+00  0.35330723E+00  0.00000000E+00    0.520200
  1.030  0.58833500E+00  0.34613807E+00  0.00000000E+00    0.530450
  1.040  0.58227705E+00  0.33904656E+00  0.00000000E+00    0.540800
  1.050  0.57622385E+00  0.33203392E+00  0.00000000E+00    0.551250
  1.060  0.57017656E+00  0.32510130E+00  0.00000000E+00    0.561800
  1.070  0.56413631E+00  0.31824978E+00  0.00000000E+00    0.572450
  1.080  0.55810424E+00  0.31148035E+00  0.00000000E+00    0.583200
  1.090  0.55208146E+00  0.30479394E+00  0.00000000E+00    0.594050
  1.100  0.54606906E+00  0.29819142E+00  0.00000000E+00    0.605000
  1.110  0.54006814E+00  0.29167359E+00  0.00000000E+00    0.616050
  1.120  0.53407974E+00  0.28524117E+00  0.00000000E+00    0.627200
  1.130  0.52810494E+00  0.27889482E+00  0.00000000E+00    0.638450
  1.140  0.52214475E+00  0.27263514E+00  0.00000000E+00    0.649800
  1.150  0.51620021E+00  0.26646266E+00  0.00000000E+00    0.661250
  1.160  0.51027232E+00  0.26037784E+00  0.00000000E+00    0.672800
  1.170  0.50436207E+00  0.25438109E+00  0.00000000E+00    0.684450
  1.180  0.49847042E+00  0.24847276E+00  0.00000000E+00    0.696200
  1.190  0.49259833E+00  0.24265311E+00  0.00000000E+00    0.708050
  1.200  0.48674674E+00  0.23692238E+00  0.00000000E+00    0.720000
  1.210  0.48091656E+00  0.23128074E+00  0.00000000E+00    0.732050
  1.220  0.47510871E+00  0.22572828E+00  0.00000000E+00    0.744200
  1.230  0.46932406E+00  0.22026507E+00  0.00000000E+00    0.756450
  1.240  0.46356348E+00  0.21489110E+00  0.00000000E+00    0.768800
  1.250  0.45782782E+00  0.20960631E+00  0.00000000E+00    0.781250
  1.260  0.45211792E+00  0.20441061E+00  0.00000000E+00    0.793800
  1.270  0.44643458E+00  0.19930383E+00  0.00000000E+00    0.806450
  1.280  0.44077860E+00  0.19428578E+00  0.00000000E+00    0.819200
  1.290  0.43515077E+00  0.18935619E+00  0.00000000E+00    0.832050
  1.300  0.42955183E+00  0.18451477E+00  0.00000000E+00    0.845000
  1.310  0.42398253E+00  0.17976119E+00  0.00000000E+00    0.858050
  1.320  0.41844360E+00  0.17509504E+00  0.00000000E+00    0.871200
  1.330  0.41293573E+00  0.17051591E+00  0.00000000E+00    0.884450
  1.340  0.40745961E+00  0.16602333E+00  0.00000000E+00    0.897800
  1.350  0.40201590E+00  0.16161679E+00  0.00000000E+00    0.911250
  1.360  0.39660527E+00  0.15729574E+00  0.00000000E+00    0.924800
  1.370  0.39122833E+00  0.15305961E+00  0.00000000E+00    0.938450
  1.380  0.38588570E+00  0.14890777E+00  0.00000000E+00    0.952200
  1.390  0.38057796E+00  0.14483959E+00  0.00000000E+00    0.966050
  1.400  0.37530570E+00  0.14085437E+00  0.00000000E+00    0.980000
  1.410  0.37006947E+00  0.13695142E+00  0.00000000E+00    0.994050
  1.420  0.36486981E+00  0.13312998E+00  0.00000000E+00    1.008200
  1.430  0.35970723E+00  0.12938929E+00  0.00000000E+00    1.022450
  1.440  0.35458224E+00  0.12572857E+00  0.00000000E+00    1.036800
  1.450  0.34949532E+00  0.12214698E+00  0.00000000E+00    1.051250
  1.460  0.34444693E+00  0.11864369E+00  0.00000000E+00    1.065800
  1.470  0.33943752E+00  0.11521783E+00  0.00000000E+00    1.080450
  1.480  0.33446751E+00  0.11186851E+00  0.00000000E+00    1.095200
  1.490  0.32953732E+00  0.10859484E+00  0.00000000E+00    1.110050
  1.500  0.32464733E+00  0.10539589E+00  0.00000000E+00    1.125000
  1.510  0.31979793E+00  0.10227071E+00  0.00000000E+00    1.140050
  1.520  0.31498946E+00  0.99218360E-01  0.00000000E+00    1.155200
  1.530  0.31022227E+00  0.96237857E-01  0.00000000E+00    1.170450
  1.540  0.30549668E+00  0.93328220E-01  0.00000000E+00    1.185800
  1.550  0.30081299E+00  0.90488453E-01  0.00000000E+00    1.201250
  1.560  0.29617149E+00  0.87717549E-01  0.00000000E+00    1.216800
  1.570  0.29157244E+00  0.85014490E-01  0.00000000E+00    1.232450
  1.580  0.28701612E+00  0.82378251E-01  0.00000000E+00    1.248200
  1.590  0.28250274E+00  0.79807796E-01  0.00000000E+00    1.264050
  1.600  0.27803253E+00  0.77302085E-01  0.00000000E+00    1.280000
  1.610  0.27360569E+00  0.74860073E-01  0.00000000E+00    1.296050
  1.620  0.26922241E+00  0.72480707E-01  0.00000000E+00    1.312200
  1.630  0.26488287E+00  0.70162934E-01  0.00000000E+00    1.328450
  1.640  0.26058721E+00  0.67905696E-01  0.00000000E+00    1.344800
  1.650  0.25633559E+00  0.65707934E-01  0.00000000E+00    1.361250
  1.660  0.25212812E+00  0.63568587E-01  0.00000000E+00    1.377800
  1.670  0.24796491E+00  0.61486595E-01  0.00000000E+00    1.394450
  1.680  0.24384606E+00  0.59460900E-01  0.00000000E+00    1.411200
  1.690  0.23977165E+00  0.57490443E-01  0.00000000E+00    1.428050
  1.700  0.23574174E+00  0.55574168E-01  0.00000000E+00    1.445000
  1.710  0.23175639E+00  0.53711024E-01  0.00000000E+00    1.462050
  1.720  0.22781563E+00  0.51899961E-01  0.00000000E+00    1.479200
  1.730  0.22391949E+00  0.50139936E-01  0.00000000E+00    1.496450
  1.740  0.22006797E+00  0.48429910E-01  0.00000000E+00    1.513800
  1.750  0.21626107E+00  0.46768851E-01  0.00000000E+00    1.531250
  1.760  0.21249878E+00  0.45155730E-01  0.00000000E+00    1.548800
  1.770  0.20878106E+00  0.43589530E-01  0.00000000E+00    1.566450
  1.780  0.20510787E+00  0.42069238E-01  0.00000000E+00    1.584200
  1.790  0.20147916E+00  0.40593850E-01  0.00000000E+00    1.602050
  1.800  0.19789485E+00  0.39162372E-01  0.00000000E+00    1.620000
  1.810  0.19435488E+00  0.37773818E-01  0.00000000E+00    1.638050
  1.820  0.19085914E+00  0.36427210E-01  0.00000000E+00    1.656200
  1.830  0.18740753E+00  0.35121583E-01  0.00000000E+00    1.674450
  1.840  0.18399995E+00  0.33855981E-01  0.00000000E+00    1.692800
  1.850  0.18063626E+00  0.32629458E-01  0.00000000E+00    1.711250
  1.860  0.17731633E+00  0.31441081E-01  0.00000000E+00    1.729800
  1.870  0.17404001E+00  0.30289926E-01  0.00000000E+00    1.748450
  1.880  0.17080715E+00  0.29175083E-01  0.00000000E+00    1.767200
  1.890  0.16761758E+00  0.28095653E-01  0.00000000E+00    1.786050
  1.900  0.16447112E+00  0.27050750E-01  0.00000000E+00    1.805000
  1.910  0.16136759E+00  0.26039500E-01  0.00000000E+00    1.824050
  1.920  0.15830679E+00  0.25061040E-01  0.00000000E+00    1.843200
  1.930  0.15528852E+00  0.24114525E-01  0.00000000E+00    1.862450
  1.940  0.15231256E+00  0.23199117E-01  0.00000000E+00    1.881800
  1.950  0.14937870E+00  0.22313996E-01  0.00000000E+00    1.901250
  1.960  0.14648670E+00  0.21458353E-01  0.00000000E+00    1.920800
  1.970  0.14363632E+00  0.20631394E-01  0.00000000E+00    1.940450
  1.980  0.14082733E+00  0.19832337E-01  0.00000000E+00    1.960200
  1.990  0.13805946E+00  0.19060415E-01  0.00000000E+00    1.980050
  2.000  0.13533246E+00  0.18314876E-01  0.00000000E+00    2.000000
  2.010  0.13264606E+00  0.17594978E-01  0.00000000E+00    2.020050
  2.020  0.12999999E+00  0.16899997E-01  0.00000000E+00    2.040200
  2.030  0.12739396E+00  0.16229221E-01  0.00000000E+00    2.060450
  2.040  0.12482769E+00  0.15581952E-01  0.00000000E+00    2.080800
  2.050  0.12230088E+00  0.14957506E-01  0.00000000E+00    2.101250
  2.060  0.11981325E+00  0.14355214E-01  0.00000000E+00    2.121800
  2.070  0.11736447E+00  0.13774419E-01  0.00000000E+00    2.142450
  2.080  0.11495425E+00  0.13214479E-01  0.00000000E+00    2.163200
  2.090  0.11258227E+00  0.12674766E-01  0.00000000E+00    2.184050
  2.100  0.11024820E+00  0.12154666E-01  0.00000000E+00    2.205000
  2.110  0.10795173E+00  0.11653576E-01  0.00000000E+00    2.226050
  2.120  0.10569253E+00  0.11170910E-01  0.00000000E+00    2.247200
  2.130  0.10347026E+00  0.10706094E-01  0.00000000E+00    2.268450
  2.140  0.10128458E+00  0.10258566E-01  0.00000000E+00    2.289800
  2.150  0.99135163E-01  0.98277805E-02  0.00000000E+00    2.311250
  2.160  0.97021656E-01  0.94132017E-02  0.00000000E+00    2.332800
  2.170  0.94943714E-01  0.90143087E-02  0.00000000E+00    2.354450
  2.180  0.92900985E-01  0.86305930E-02  0.00000000E+00    2.376200
  2.190  0.90893117E-01  0.82615586E-02  0.00000000E+00    2.398050
  2.200  0.88919752E-01  0.79067223E-02  0.00000000E+00    2.420000
  2.210  0.86980533E-01  0.75656131E-02  0.00000000E+00    2.442050
  2.220  0.85075098E-01  0.72377723E-02  0.00000000E+00    2.464200
  2.230  0.83203084E-01  0.69227532E-02  0.00000000E+00    2.486450
  2.240  0.81364126E-01  0.66201209E-02  0.00000000E+00    2.508800
  2.250  0.79557856E-01  0.63294525E-02  0.00000000E+00    2.531250
  2.260  0.77783907E-01  0.60503363E-02  0.00000000E+00    2.553800
  2.270  0.76041909E-01  0.57823719E-02  0.00000000E+00    2.576450
  2.280  0.74331490E-01  0.55251704E-02  0.00000000E+00    2.599200
  2.290  0.72652279E-01  0.52783536E-02  0.00000000E+00    2.622050
  2.300  0.71003902E-01  0.50415541E-02  0.00000000E+00    2.645000
  2.310  0.69385985E-01  0.48144150E-02  0.00000000E+00    2.668050
  2.320  0.67798155E-01  0.45965899E-02  0.00000000E+00    2.691200
  2.330  0.66240038E-01  0.43877426E-02  0.00000000E+00    2.714450
  2.340  0.64711257E-01  0.41875467E-02  0.00000000E+00    2.737800
  2.350  0.63211438E-01  0.39956859E-02  0.00000000E+00    2.761250
  2.360  0.61740207E-01  0.38118531E-02  0.00000000E+00    2.784800
  2.370  0.60297188E-01  0.36357509E-02  0.00000000E+00    2.808450
  2.380  0.58882009E-01  0.34670909E-02  0.00000000E+00    2.832200
  2.390  0.57494294E-01  0.33055938E-02  0.00000000E+00    2.856050
  2.400  0.56133671E-01  0.31509890E-02  0.00000000E+00    2.880000
  2.410  0.54799768E-01  0.30030146E-02  0.00000000E+00    2.904050
  2.420  0.53492213E-01  0.28614168E-02  0.00000000E+00    2.928200
  2.430  0.52210636E-01  0.27259505E-02  0.00000000E+00    2.952450
  2.440  0.50954668E-01  0.25963782E-02  0.00000000E+00    2.976800
  2.450  0.49723941E-01  0.24724703E-02  0.00000000E+00    3.001250
  2.460  0.48518088E-01  0.23540049E-02  0.00000000E+00    3.025800
  2.470  0.47336745E-01  0.22407674E-02  0.00000000E+00    3.050450
  2.480  0.46179548E-01  0.21325506E-02  0.00000000E+00    3.075200
  2.490  0.45046135E-01  0.20291543E-02  0.00000000E+00    3.100050
  2.500  0.43936146E-01  0.19303850E-02  0.00000000E+00    3.125000
  2.510  0.42849224E-01  0.18360560E-02  0.00000000E+00    3.150050
  2.520  0.41785013E-01  0.17459873E-02  0.00000000E+00    3.175200
  2.530  0.40743158E-01  0.16600049E-02  0.00000000E+00    3.200450
  2.540  0.39723309E-01  0.15779412E-02  0.00000000E+00    3.225800
  2.550  0.38725114E-01  0.14996345E-02  0.00000000E+00    3.251250
  2.560  0.37748229E-01  0.14249288E-02  0.00000000E+00    3.276800
  2.570  0.36792307E-01  0.13536739E-02  0.00000000E+00    3.302450
  2.580  0.35857007E-01  0.12857250E-02  0.00000000E+00    3.328200
  2.590  0.34941989E-01  0.12209426E-02  0.00000000E+00    3.354050
  2.600  0.34046917E-01  0.11591925E-02  0.00000000E+00    3.380000
  2.610  0.33171455E-01  0.11003455E-02  0.00000000E+00    3.406050
  2.620  0.32315273E-01  0.10442769E-02  0.00000000E+00    3.432200
  2.630  0.31478043E-01  0.99086716E-03  0.00000000E+00    3.458450
  2.640  0.30659437E-01  0.94000107E-03  0.00000000E+00    3.484800
  2.650  0.29859134E-01  0.89156787E-03  0.00000000E+00    3.511250
  2.660  0.29076813E-01  0.84546107E-03  0.00000000E+00    3.537800
  2.670  0.28312159E-01  0.80157833E-03  0.00000000E+00    3.564450
  2.680  0.27564856E-01  0.75982131E-03  0.00000000E+00    3.591200
  2.690  0.26834596E-01  0.72009553E-03  0.00000000E+00    3.618050
  2.700  0.26121070E-01  0.68231028E-03  0.00000000E+00    3.645000
  2.710  0.25423974E-01  0.64637843E-03  0.00000000E+00    3.672050
  2.720  0.24743007E-01  0.61221638E-03  0.00000000E+00    3.699200
  2.730  0.24077871E-01  0.57974389E-03  0.00000000E+00    3.726450
  2.740  0.23428273E-01  0.54888400E-03  0.00000000E+00    3.753800
  2.750  0.22793922E-01  0.51956286E-03  0.00000000E+00    3.781250
  2.760  0.22174528E-01  0.49170970E-03  0.00000000E+00    3.808800
  2.770  0.21569809E-01  0.46525667E-03  0.00000000E+00    3.836450
  2.780  0.20979483E-01  0.44013873E-03  0.00000000E+00    3.864200
  2.790  0.20403274E-01  0.41629357E-03  0.00000000E+00    3.892050
  2.800  0.19840905E-01  0.39366153E-03  0.00000000E+00    3.920000
  2.810  0.19292109E-01  0.37218545E-03  0.00000000E+00    3.948050
  2.820  0.18756616E-01  0.35181063E-03  0.00000000E+00    3.976200
  2.830  0.18234163E-01  0.33248471E-03  0.00000000E+00    4.004450
  2.840  0.17724491E-01  0.31415758E-03  0.00000000E+00    4.032800
  2.850  0.17227342E-01  0.29678131E-03  0.00000000E+00    4.061250
  2.860  0.16742463E-01  0.28031007E-03  0.00000000E+00    4.089800
  2.870  0.16269605E-01  0.26470004E-03  0.00000000E+00    4.118450
  2.880  0.15808521E-01  0.24990933E-03  0.00000000E+00    4.147200
  2.890  0.15358968E-01  0.23589790E-03  0.00000000E+00    4.176050
  2.900  0.14920707E-01  0.22262750E-03  0.00000000E+00    4.205000
  2.910  0.14493503E-01  0.21006162E-03  0.00000000E+00    4.234050
  2.920  0.14077122E-01  0.19816537E-03  0.00000000E+00    4.263200
  2.930  0.13671337E-01  0.18690545E-03  0.00000000E+00    4.292450
  2.940  0.13275921E-01  0.17625007E-03  0.00000000E+00    4.321800
  2.950  0.12890652E-01  0.16616892E-03  0.00000000E+00    4.351250
  2.960  0.12515313E-01  0.15663306E-03  0.00000000E+00    4.380800
  2.970  0.12149688E-01  0.14761491E-03  0.00000000E+00    4.410450
  2.980  0.11793564E-01  0.13908816E-03  0.00000000E+00    4.440200
  2.990  0.11446735E-01  0.13102774E-03  0.00000000E+00    4.470050
  3.000  0.11108994E-01  0.12340976E-03  0.00000000E+00    4.500000
  3.010  0.10780141E-01  0.11621144E-03  0.00000000E+00    4.530050
  3.020  0.10459976E-01  0.10941111E-03  0.00000000E+00    4.560200
  3.030  0.10148306E-01  0.10298811E-03  0.00000000E+00    4.590450
  3.040  0.98449374E-02  0.96922793E-04  0.00000000E+00    4.620800
  3.050  0.95496829E-02  0.91196443E-04  0.00000000E+00    4.651250
  3.060  0.92623570E-02  0.85791257E-04  0.00000000E+00    4.681800
  3.070  0.89827777E-02  0.80690295E-04  0.00000000E+00    4.712450
  3.080  0.87107664E-02  0.75877451E-04  0.00000000E+00    4.743200
  3.090  0.84461473E-02  0.71337405E-04  0.00000000E+00    4.774050
  3.100  0.81887482E-02  0.67055596E-04  0.00000000E+00    4.805000
  3.110  0.79383995E-02  0.63018187E-04  0.00000000E+00    4.836050
  3.120  0.76949351E-02  0.59212026E-04  0.00000000E+00    4.867200
  3.130  0.74581918E-02  0.55624624E-04  0.00000000E+00    4.898450
  3.140  0.72280093E-02  0.52244119E-04  0.00000000E+00    4.929800
  3.150  0.70042306E-02  0.49059247E-04  0.00000000E+00    4.961250
  3.160  0.67867015E-02  0.46059317E-04  0.00000000E+00    4.992800
  3.170  0.65752706E-02  0.43234183E-04  0.00000000E+00    5.024450
  3.180  0.63697896E-02  0.40574219E-04  0.00000000E+00    5.056200
  3.190  0.61701130E-02  0.38070294E-04  0.00000000E+00    5.088050
  3.200  0.59760982E-02  0.35713749E-04  0.00000000E+00    5.120000
  3.210  0.57876052E-02  0.33496374E-04  0.00000000E+00    5.152050
  3.220  0.56044972E-02  0.31410389E-04  0.00000000E+00    5.184200
  3.230  0.54266396E-02  0.29448418E-04  0.00000000E+00    5.216450
  3.240  0.52539010E-02  0.27603476E-04  0.00000000E+00    5.248800
  3.250  0.50861523E-02  0.25868945E-04  0.00000000E+00    5.281250
  3.260  0.49232672E-02  0.24238560E-04  0.00000000E+00    5.313800
  3.270  0.47651221E-02  0.22706389E-04  0.00000000E+00    5.346450
  3.280  0.46115958E-02  0.21266816E-04  0.00000000E+00    5.379200
  3.290  0.44625696E-02  0.19914528E-04  0.00000000E+00    5.412050
  3.300  0.43179275E-02  0.18644498E-04  0.00000000E+00    5.445000
  3.310  0.41775559E-02  0.17451973E-04  0.00000000E+00    5.478050
  3.320  0.40413434E-02  0.16332457E-04  0.00000000E+00    5.511200
  3.330  0.39091814E-02  0.15281699E-04  0.00000000E+00    5.544450
  3.340  0.37809633E-02  0.14295684E-04  0.00000000E+00    5.577800
  3.350  0.36565850E-02  0.13370614E-04  0.00000000E+00    5.611250
  3.360  0.35359447E-02  0.12502905E-04  0.00000000E+00    5.644800
  3.370  0.34189427E-02  0.11689169E-04  0.00000000E+00    5.678450
  3.380  0.33054816E-02  0.10926209E-04  0.00000000E+00    5.712200
  3.390  0.31954663E-02  0.10211005E-04  0.00000000E+00    5.746050
  3.400  0.30888038E-02  0.95407089E-05  0.00000000E+00    5.780000
  3.410  0.29854030E-02  0.89126312E-05  0.00000000E+00    5.814050
  3.420  0.28851752E-02  0.83242357E-05  0.00000000E+00    5.848200
  3.430  0.27880334E-02  0.77731303E-05  0.00000000E+00    5.882450
  3.440  0.26938929E-02  0.72570592E-05  0.00000000E+00    5.916800
  3.450  0.26026709E-02  0.67738960E-05  0.00000000E+00    5.951250
  3.460  0.25142865E-02  0.63216366E-05  0.00000000E+00    5.985800
  3.470  0.24286606E-02  0.58983924E-05  0.00000000E+00    6.020450
  3.480  0.23457162E-02  0.55023846E-05  0.00000000E+00    6.055200
  3.490  0.22653780E-02  0.51319375E-05  0.00000000E+00    6.090050
  3.500  0.21875725E-02  0.47854734E-05  0.00000000E+00    6.125000
  3.510  0.21122280E-02  0.44615072E-05  0.00000000E+00    6.160050
  3.520  0.20392746E-02  0.41586409E-05  0.00000000E+00    6.195200
  3.530  0.19686440E-02  0.38755592E-05  0.00000000E+00    6.230450
  3.540  0.19002696E-02  0.36110247E-05  0.00000000E+00    6.265800
  3.550  0.18340866E-02  0.33638737E-05  0.00000000E+00    6.301250
  3.560  0.17700316E-02  0.31330117E-05  0.00000000E+00    6.336800
  3.570  0.17080428E-02  0.29174102E-05  0.00000000E+00    6.372450
  3.580  0.16480601E-02  0.27161021E-05  0.00000000E+00    6.408200
  3.590  0.15900248E-02  0.25281789E-05  0.00000000E+00    6.444050
  3.600  0.15338798E-02  0.23527871E-05  0.00000000E+00    6.480000
  3.610  0.14795692E-02  0.21891252E-05  0.00000000E+00    6.516050
  3.620  0.14270390E-02  0.20364402E-05  0.00000000E+00    6.552200
  3.630  0.13762360E-02  0.18940256E-05  0.00000000E+00    6.588450
  3.640  0.13271089E-02  0.17612181E-05  0.00000000E+00    6.624800
  3.650  0.12796075E-02  0.16373952E-05  0.00000000E+00    6.661250
  3.660  0.12336828E-02  0.15219732E-05  0.00000000E+00    6.697800
  3.670  0.11892874E-02  0.14144044E-05  0.00000000E+00    6.734450
  3.680  0.11463748E-02  0.13141753E-05  0.00000000E+00    6.771200
  3.690  0.11049001E-02  0.12208043E-05  0.00000000E+00    6.808050
  3.700  0.10648194E-02  0.11338404E-05  0.00000000E+00    6.845000
  3.710  0.10260899E-02  0.10528605E-05  0.00000000E+00    6.882050
  3.720  0.98867016E-03  0.97746868E-06  0.00000000E+00    6.919200
  3.730  0.95251968E-03  0.90729374E-06  0.00000000E+00    6.956450
  3.740  0.91759918E-03  0.84198826E-06  0.00000000E+00    6.993800
  3.750  0.88387043E-03  0.78122694E-06  0.00000000E+00    7.031250
  3.760  0.85129623E-03  0.72470528E-06  0.00000000E+00    7.068800
  3.770  0.81984044E-03  0.67213834E-06  0.00000000E+00    7.106450
  3.780  0.78946788E-03  0.62325954E-06  0.00000000E+00    7.144200
  3.790  0.76014441E-03  0.57781953E-06  0.00000000E+00    7.182050
  3.800  0.73183680E-03  0.53558511E-06  0.00000000E+00    7.220000
  3.810  0.70451278E-03  0.49633826E-06  0.00000000E+00    7.258050
  3.820  0.67814099E-03  0.45987520E-06  0.00000000E+00    7.296200
  3.830  0.65269096E-03  0.42600548E-06  0.00000000E+00    7.334450
  3.840  0.62813308E-03  0.39455116E-06  0.00000000E+00    7.372800
  3.850  0.60443861E-03  0.36534603E-06  0.00000000E+00    7.411250
  3.860  0.58157962E-03  0.33823485E-06  0.00000000E+00    7.449800
  3.870  0.55952901E-03  0.31307271E-06  0.00000000E+00    7.488450
  3.880  0.53826044E-03  0.28972430E-06  0.00000000E+00    7.527200
  3.890  0.51774837E-03  0.26806337E-06  0.00000000E+00    7.566050
  3.900  0.49796799E-03  0.24797212E-06  0.00000000E+00    7.605000
  3.910  0.47889521E-03  0.22934063E-06  0.00000000E+00    7.644050
  3.920  0.46050669E-03  0.21206642E-06  0.00000000E+00    7.683200
  3.930  0.44277976E-03  0.19605391E-06  0.00000000E+00    7.722450
  3.940  0.42569241E-03  0.18121403E-06  0.00000000E+00    7.761800
  3.950  0.40922332E-03  0.16746373E-06  0.00000000E+00    7.801250
  3.960  0.39335180E-03  0.15472564E-06  0.00000000E+00    7.840800
  3.970  0.37805779E-03  0.14292769E-06  0.00000000E+00    7.880450
  3.980  0.36332182E-03  0.13200274E-06  0.00000000E+00    7.920200
  3.990  0.34912503E-03  0.12188829E-06  0.00000000E+00    7.960050
  4.000  0.33544915E-03  0.11252613E-06  0.00000000E+00    8.000000
  4.010  0.32227644E-03  0.10386210E-06  0.00000000E+00    8.040050
  4.020  0.30958972E-03  0.95845796E-07  0.00000000E+00    8.080200
  4.030  0.29737236E-03  0.88430319E-07  0.00000000E+00    8.120450
  4.040  0.28560822E-03  0.81572053E-07  0.00000000E+00    8.160800
  4.050  0.27428167E-03  0.75230435E-07  0.00000000E+00    8.201250
  4.060  0.26337759E-03  0.69367754E-07  0.00000000E+00    8.241800
  4.070  0.25288131E-03  0.63948957E-07  0.00000000E+00    8.282450
  4.080  0.24277864E-03  0.58941467E-07  0.00000000E+00    8.323200
  4.090  0.23305583E-03  0.54315019E-07  0.00000000E+00    8.364050
  4.100  0.22369957E-03  0.50041498E-07  0.00000000E+00    8.405000
  4.110  0.21469698E-03  0.46094795E-07  0.00000000E+00    8.446050
  4.120  0.20603559E-03  0.42450666E-07  0.00000000E+00    8.487200
  4.130  0.19770333E-03  0.39086608E-07  0.00000000E+00    8.528450
  4.140  0.18968853E-03  0.35981737E-07  0.00000000E+00    8.569800
  4.150  0.18197987E-03  0.33116672E-07  0.00000000E+00    8.611250
  4.160  0.17456642E-03  0.30473436E-07  0.00000000E+00    8.652800
  4.170  0.16743762E-03  0.28035357E-07  0.00000000E+00    8.694450
  4.180  0.16058323E-03  0.25786974E-07  0.00000000E+00    8.736200
  4.190  0.15399336E-03  0.23713956E-07  0.00000000E+00    8.778050
  4.200  0.14765844E-03  0.21803016E-07  0.00000000E+00    8.820000
  4.210  0.14156923E-03  0.20041847E-07  0.00000000E+00    8.862050
  4.220  0.13571678E-03  0.18419044E-07  0.00000000E+00    8.904200
  4.230  0.13009245E-03  0.16924045E-07  0.00000000E+00    8.946450
  4.240  0.12468788E-03  0.15547067E-07  0.00000000E+00    8.988800
  4.250  0.11949500E-03  0.14279055E-07  0.00000000E+00    9.031250
  4.260  0.11450601E-03  0.13111626E-07  0.00000000E+00    9.073800
  4.270  0.10971337E-03  0.12037023E-07  0.00000000E+00    9.116450
  4.280  0.10510979E-03  0.11048069E-07  0.00000000E+00    9.159200
  4.290  0.10068826E-03  0.10138125E-07  0.00000000E+00    9.202050
  4.300  0.96441956E-04  0.93010508E-08  0.00000000E+00    9.245000
  4.310  0.92364333E-04  0.85311699E-08  0.00000000E+00    9.288050
  4.320  0.88449050E-04  0.78232345E-08  0.00000000E+00    9.331200
  4.330  0.84689990E-04  0.71723944E-08  0.00000000E+00    9.374450
  4.340  0.81081245E-04  0.65741683E-08  0.00000000E+00    9.417800
  4.350  0.77617114E-04  0.60244164E-08  0.00000000E+00    9.461250
  4.360  0.74292092E-04  0.55193149E-08  0.00000000E+00    9.504800
  4.370  0.71100867E-04  0.50553333E-08  0.00000000E+00    9.548450
  4.380  0.68038313E-04  0.46292120E-08  0.00000000E+00    9.592200
  4.390  0.65099482E-04  0.42379425E-08  0.00000000E+00    9.636050
  4.400  0.62279602E-04  0.38787488E-08  0.00000000E+00    9.680000
  4.410  0.59574067E-04  0.35490694E-08  0.00000000E+00    9.724050
  4.420  0.56978435E-04  0.32465420E-08  0.00000000E+00    9.768200
  4.430  0.54488420E-04  0.29689880E-08  0.00000000E+00    9.812450
  4.440  0.52099890E-04  0.27143985E-08  0.00000000E+00    9.856800
  4.450  0.49808857E-04  0.24809223E-08  0.00000000E+00    9.901250
  4.460  0.47611478E-04  0.22668528E-08  0.00000000E+00    9.945800
  4.470  0.45504044E-04  0.20706180E-08  0.00000000E+00    9.990450
  4.480  0.43482981E-04  0.18907697E-08  0.00000000E+00   10.035200
  4.490  0.41544842E-04  0.17259739E-08  0.00000000E+00   10.080050
  4.500  0.39686304E-04  0.15750027E-08  0.00000000E+00   10.125000
  4.510  0.37904161E-04  0.14367254E-08  0.00000000E+00   10.170050
  4.520  0.36195325E-04  0.13101016E-08  0.00000000E+00   10.215200
  4.530  0.34556819E-04  0.11941737E-08  0.00000000E+00   10.260450
  4.540  0.32985770E-04  0.10880610E-08  0.00000000E+00   10.305800
  4.550  0.31479412E-04  0.99095339E-09  0.00000000E+00   10.351250
  4.560  0.30035076E-04  0.90210582E-09  0.00000000E+00   10.396800
  4.570  0.28650191E-04  0.82083344E-09  0.00000000E+00   10.442450
  4.580  0.27322276E-04  0.74650677E-09  0.00000000E+00   10.488200
