# x(i)     phi(i)          |phi(i)|**2   p_classical(i)    vpot(i)
 -5.000 -0.20902821E-08  0.43692794E-17  0.00000000E+00   12.500000
 -4.990 -0.17492824E-05  0.30599889E-11  0.00000000E+00   12.450050
 -4.980 -0.35003055E-05  0.12252138E-10  0.00000000E+00   12.400200
 -4.970 -0.52589593E-05  0.27656653E-10  0.00000000E+00   12.350450
 -4.960 -0.70290257E-05  0.49407202E-10  0.00000000E+00   12.300800
 -4.950 -0.88142758E-05  0.77691458E-10  0.00000000E+00   12.251250
 -4.940 -0.10618479E-04  0.11275209E-09  0.00000000E+00   12.201800
 -4.930 -0.12445409E-04  0.15488821E-09  0.00000000E+00   12.152450
 -4.920 -0.14298855E-04  0.20445725E-09  0.00000000E+00   12.103200
 -4.910 -0.16182623E-04  0.26187728E-09  0.00000000E+00   12.054050
 -4.900 -0.18100549E-04  0.32762989E-09  0.00000000E+00   12.005000
 -4.890 -0.20056505E-04  0.40226341E-09  0.00000000E+00   11.956050
 -4.880 -0.22054404E-04  0.48639672E-09  0.00000000E+00   11.907200
 -4.870 -0.24098207E-04  0.58072358E-09  0.00000000E+00   11.858450
 -4.860 -0.26191934E-04  0.68601743E-09  0.00000000E+00   11.809800
 -4.850 -0.28339669E-04  0.80313682E-09  0.00000000E+00   11.761250
 -4.840 -0.30545563E-04  0.93303142E-09  0.00000000E+00   11.712800
 -4.830 -0.32813849E-04  0.10767487E-08  0.00000000E+00   11.664450
 -4.820 -0.35148841E-04  0.12354410E-08  0.00000000E+00   11.616200
 -4.810 -0.37554949E-04  0.14103742E-08  0.00000000E+00   11.568050
 -4.800 -0.40036677E-04  0.16029355E-08  0.00000000E+00   11.520000
 -4.790 -0.42598639E-04  0.18146441E-08  0.00000000E+00   11.472050
 -4.780 -0.45245561E-04  0.20471608E-08  0.00000000E+00   11.424200
 -4.770 -0.47982287E-04  0.23022999E-08  0.00000000E+00   11.376450
 -4.760 -0.50813793E-04  0.25820416E-08  0.00000000E+00   11.328800
 -4.750 -0.53745187E-04  0.28885451E-08  0.00000000E+00   11.281250
 -4.740 -0.56781720E-04  0.32241637E-08  0.00000000E+00   11.233800
 -4.730 -0.59928793E-04  0.35914602E-08  0.00000000E+00   11.186450
 -4.720 -0.63191966E-04  0.39932246E-08  0.00000000E+00   11.139200
 -4.710 -0.66576963E-04  0.44324921E-08  0.00000000E+00   11.092050
 -4.700 -0.70089683E-04  0.49125636E-08  0.00000000E+00   11.045000
 -4.690 -0.73736204E-04  0.54370277E-08  0.00000000E+00   10.998050
 -4.680 -0.77522795E-04  0.60097837E-08  0.00000000E+00   10.951200
 -4.670 -0.81455923E-04  0.66350673E-08  0.00000000E+00   10.904450
 -4.660 -0.85542261E-04  0.73174784E-08  0.00000000E+00   10.857800
 -4.650 -0.89788696E-04  0.80620100E-08  0.00000000E+00   10.811250
 -4.640 -0.94202341E-04  0.88740811E-08  0.00000000E+00   10.764800
 -4.630 -0.98790540E-04  0.97595707E-08  0.00000000E+00   10.718450
 -4.620 -0.10356088E-03  0.10724855E-07  0.00000000E+00   10.672200
 -4.610 -0.10852119E-03  0.11776849E-07  0.00000000E+00   10.626050
 -4.600 -0.11367958E-03  0.12923047E-07  0.00000000E+00   10.580000
 -4.590 -0.11904441E-03  0.14171572E-07  0.00000000E+00   10.534050
 -4.580 -0.12462433E-03  0.15531225E-07  0.00000000E+00   10.488200
 -4.570 -0.13042829E-03  0.17011538E-07  0.00000000E+00   10.442450
 -4.560 -0.13646551E-03  0.18622835E-07  0.00000000E+00   10.396800
 -4.550 -0.14274555E-03  0.20376293E-07  0.00000000E+00   10.351250
 -4.540 -0.14927829E-03  0.22284008E-07  0.00000000E+00   10.305800
 -4.530 -0.15607394E-03  0.24359073E-07  0.00000000E+00   10.260450
 -4.520 -0.16314303E-03  0.26615650E-07  0.00000000E+00   10.215200
 -4.510 -0.17049650E-03  0.29069056E-07  0.00000000E+00   10.170050
 -4.500 -0.17814561E-03  0.31735857E-07  0.00000000E+00   10.125000
 -4.490 -0.18610202E-03  0.34633960E-07  0.00000000E+00   10.080050
 -4.480 -0.19437778E-03  0.37782721E-07  0.00000000E+00   10.035200
 -4.470 -0.20298535E-03  0.41203054E-07  0.00000000E+00    9.990450
 -4.460 -0.21193762E-03  0.44917553E-07  0.00000000E+00    9.945800
 -4.450 -0.22124788E-03  0.48950622E-07  0.00000000E+00    9.901250
 -4.440 -0.23092989E-03  0.53328613E-07  0.00000000E+00    9.856800
 -4.430 -0.24099787E-03  0.58079972E-07  0.00000000E+00    9.812450
 -4.420 -0.25146650E-03  0.63235402E-07  0.00000000E+00    9.768200
 -4.410 -0.26235098E-03  0.68828035E-07  0.00000000E+00    9.724050
 -4.400 -0.27366697E-03  0.74893609E-07  0.00000000E+00    9.680000
 -4.390 -0.28543068E-03  0.81470672E-07  0.00000000E+00    9.636050
 -4.380 -0.29765885E-03  0.88600789E-07  0.00000000E+00    9.592200
 -4.370 -0.31036876E-03  0.96328766E-07  0.00000000E+00    9.548450
 -4.360 -0.32357827E-03  0.10470290E-06  0.00000000E+00    9.504800
 -4.350 -0.33730581E-03  0.11377521E-06  0.00000000E+00    9.461250
 -4.340 -0.35157044E-03  0.12360177E-06  0.00000000E+00    9.417800
 -4.330 -0.36639179E-03  0.13424295E-06  0.00000000E+00    9.374450
 -4.320 -0.38179018E-03  0.14576374E-06  0.00000000E+00    9.331200
 -4.310 -0.39778654E-03  0.15823413E-06  0.00000000E+00    9.288050
 -4.300 -0.41440250E-03  0.17172943E-06  0.00000000E+00    9.245000
 -4.290 -0.43166037E-03  0.18633067E-06  0.00000000E+00    9.202050
 -4.280 -0.44958317E-03  0.20212503E-06  0.00000000E+00    9.159200
 -4.270 -0.46819467E-03  0.21920625E-06  0.00000000E+00    9.116450
 -4.260 -0.48751936E-03  0.23767513E-06  0.00000000E+00    9.073800
 -4.250 -0.50758253E-03  0.25764003E-06  0.00000000E+00    9.031250
 -4.240 -0.52841025E-03  0.27921739E-06  0.00000000E+00    8.988800
 -4.230 -0.55002940E-03  0.30253234E-06  0.00000000E+00    8.946450
 -4.220 -0.57246771E-03  0.32771928E-06  0.00000000E+00    8.904200
 -4.210 -0.59575375E-03  0.35492253E-06  0.00000000E+00    8.862050
 -4.200 -0.61991699E-03  0.38429707E-06  0.00000000E+00    8.820000
 -4.190 -0.64498778E-03  0.41600924E-06  0.00000000E+00    8.778050
 -4.180 -0.67099743E-03  0.45023755E-06  0.00000000E+00    8.736200
 -4.170 -0.69797818E-03  0.48717354E-06  0.00000000E+00    8.694450
 -4.160 -0.72596324E-03  0.52702263E-06  0.00000000E+00    8.652800
 -4.150 -0.75498684E-03  0.57000513E-06  0.00000000E+00    8.611250
 -4.140 -0.78508422E-03  0.61635723E-06  0.00000000E+00    8.569800
 -4.130 -0.81629168E-03  0.66633211E-06  0.00000000E+00    8.528450
 -4.120 -0.84864660E-03  0.72020104E-06  0.00000000E+00    8.487200
 -4.110 -0.88218745E-03  0.77825469E-06  0.00000000E+00    8.446050
 -4.100 -0.91695385E-03  0.84080436E-06  0.00000000E+00    8.405000
 -4.090 -0.95298656E-03  0.90818338E-06  0.00000000E+00    8.364050
 -4.080 -0.99032755E-03  0.98074865E-06  0.00000000E+00    8.323200
 -4.070 -0.10290200E-02  0.10588821E-05  0.00000000E+00    8.282450
 -4.060 -0.10691083E-02  0.11429925E-05  0.00000000E+00    8.241800
 -4.050 -0.11106381E-02  0.12335170E-05  0.00000000E+00    8.201250
 -4.040 -0.11536565E-02  0.13309233E-05  0.00000000E+00    8.160800
 -4.030 -0.11982117E-02  0.14357113E-05  0.00000000E+00    8.120450
 -4.020 -0.12443535E-02  0.15484156E-05  0.00000000E+00    8.080200
 -4.010 -0.12921329E-02  0.16696074E-05  0.00000000E+00    8.040050
 -4.000 -0.13416024E-02  0.17998970E-05  0.00000000E+00    8.000000
 -3.990 -0.13928160E-02  0.19399364E-05  0.00000000E+00    7.960050
 -3.980 -0.14458292E-02  0.20904219E-05  0.00000000E+00    7.920200
 -3.970 -0.15006988E-02  0.22520969E-05  0.00000000E+00    7.880450
 -3.960 -0.15574835E-02  0.24257548E-05  0.00000000E+00    7.840800
 -3.950 -0.16162433E-02  0.26122425E-05  0.00000000E+00    7.801250
 -3.940 -0.16770400E-02  0.28124633E-05  0.00000000E+00    7.761800
 -3.930 -0.17399370E-02  0.30273807E-05  0.00000000E+00    7.722450
 -3.920 -0.18049993E-02  0.32580225E-05  0.00000000E+00    7.683200
 -3.910 -0.18722937E-02  0.35054839E-05  0.00000000E+00    7.644050
 -3.900 -0.19418889E-02  0.37709325E-05  0.00000000E+00    7.605000
 -3.890 -0.20138551E-02  0.40556123E-05  0.00000000E+00    7.566050
 -3.880 -0.20882645E-02  0.43608487E-05  0.00000000E+00    7.527200
 -3.870 -0.21651912E-02  0.46880531E-05  0.00000000E+00    7.488450
 -3.860 -0.22447112E-02  0.50387284E-05  0.00000000E+00    7.449800
 -3.850 -0.23269023E-02  0.54144742E-05  0.00000000E+00    7.411250
 -3.840 -0.24118443E-02  0.58169931E-05  0.00000000E+00    7.372800
 -3.830 -0.24996193E-02  0.62480965E-05  0.00000000E+00    7.334450
 -3.820 -0.25903110E-02  0.67097110E-05  0.00000000E+00    7.296200
 -3.810 -0.26840055E-02  0.72038855E-05  0.00000000E+00    7.258050
 -3.800 -0.27807910E-02  0.77327983E-05  0.00000000E+00    7.220000
 -3.790 -0.28807576E-02  0.82987646E-05  0.00000000E+00    7.182050
 -3.780 -0.29839981E-02  0.89042444E-05  0.00000000E+00    7.144200
 -3.770 -0.30906069E-02  0.95518512E-05  0.00000000E+00    7.106450
 -3.760 -0.32006813E-02  0.10244361E-04  0.00000000E+00    7.068800
 -3.750 -0.33143205E-02  0.10984720E-04  0.00000000E+00    7.031250
 -3.740 -0.34316261E-02  0.11776058E-04  0.00000000E+00    6.993800
 -3.730 -0.35527023E-02  0.12621693E-04  0.00000000E+00    6.956450
 -3.720 -0.36776555E-02  0.13525150E-04  0.00000000E+00    6.919200
 -3.710 -0.38065947E-02  0.14490163E-04  0.00000000E+00    6.882050
 -3.700 -0.39396314E-02  0.15520696E-04  0.00000000E+00    6.845000
 -3.690 -0.40768796E-02  0.16620947E-04  0.00000000E+00    6.808050
 -3.680 -0.42184558E-02  0.17795369E-04  0.00000000E+00    6.771200
 -3.670 -0.43644793E-02  0.19048680E-04  0.00000000E+00    6.734450
 -3.660 -0.45150720E-02  0.20385875E-04  0.00000000E+00    6.697800
 -3.650 -0.46703583E-02  0.21812247E-04  0.00000000E+00    6.661250
 -3.640 -0.48304657E-02  0.23333399E-04  0.00000000E+00    6.624800
 -3.630 -0.49955241E-02  0.24955261E-04  0.00000000E+00    6.588450
 -3.620 -0.51656664E-02  0.26684109E-04  0.00000000E+00    6.552200
 -3.610 -0.53410283E-02  0.28526584E-04  0.00000000E+00    6.516050
 -3.600 -0.55217485E-02  0.30489706E-04  0.00000000E+00    6.480000
 -3.590 -0.57079682E-02  0.32580901E-04  0.00000000E+00    6.444050
 -3.580 -0.58998322E-02  0.34808019E-04  0.00000000E+00    6.408200
 -3.570 -0.60974876E-02  0.37179355E-04  0.00000000E+00    6.372450
 -3.560 -0.63010850E-02  0.39703672E-04  0.00000000E+00    6.336800
 -3.550 -0.65107778E-02  0.42390228E-04  0.00000000E+00    6.301250
 -3.540 -0.67267226E-02  0.45248798E-04  0.00000000E+00    6.265800
 -3.530 -0.69490791E-02  0.48289701E-04  0.00000000E+00    6.230450
 -3.520 -0.71780101E-02  0.51523829E-04  0.00000000E+00    6.195200
 -3.510 -0.74136815E-02  0.54962674E-04  0.00000000E+00    6.160050
 -3.500 -0.76562626E-02  0.58618357E-04  0.00000000E+00    6.125000
 -3.490 -0.79059258E-02  0.62503662E-04  0.00000000E+00    6.090050
 -3.480 -0.81628467E-02  0.66632065E-04  0.00000000E+00    6.055200
 -3.470 -0.84272042E-02  0.71017771E-04  0.00000000E+00    6.020450
 -3.460 -0.86991808E-02  0.75675747E-04  0.00000000E+00    5.985800
 -3.450 -0.89789620E-02  0.80621758E-04  0.00000000E+00    5.951250
 -3.440 -0.92667367E-02  0.85872409E-04  0.00000000E+00    5.916800
 -3.430 -0.95626973E-02  0.91445179E-04  0.00000000E+00    5.882450
 -3.420 -0.98670395E-02  0.97358469E-04  0.00000000E+00    5.848200
 -3.410 -0.10179963E-01  0.10363164E-03  0.00000000E+00    5.814050
 -3.400 -0.10501669E-01  0.11028505E-03  0.00000000E+00    5.780000
 -3.390 -0.10832365E-01  0.11734013E-03  0.00000000E+00    5.746050
 -3.380 -0.11172260E-01  0.12481939E-03  0.00000000E+00    5.712200
 -3.370 -0.11521567E-01  0.13274650E-03  0.00000000E+00    5.678450
 -3.360 -0.11880502E-01  0.14114633E-03  0.00000000E+00    5.644800
 -3.350 -0.12249286E-01  0.15004501E-03  0.00000000E+00    5.611250
 -3.340 -0.12628142E-01  0.15946997E-03  0.00000000E+00    5.577800
 -3.330 -0.13017297E-01  0.16945002E-03  0.00000000E+00    5.544450
 -3.320 -0.13416981E-01  0.18001539E-03  0.00000000E+00    5.511200
 -3.310 -0.13827430E-01  0.19119781E-03  0.00000000E+00    5.478050
 -3.300 -0.14248879E-01  0.20303055E-03  0.00000000E+00    5.445000
 -3.290 -0.14681571E-01  0.21554853E-03  0.00000000E+00    5.412050
 -3.280 -0.15125750E-01  0.22878831E-03  0.00000000E+00    5.379200
 -3.270 -0.15581664E-01  0.24278826E-03  0.00000000E+00    5.346450
 -3.260 -0.16049565E-01  0.25758854E-03  0.00000000E+00    5.313800
 -3.250 -0.16529708E-01  0.27323125E-03  0.00000000E+00    5.281250
 -3.240 -0.17022352E-01  0.28976047E-03  0.00000000E+00    5.248800
 -3.230 -0.17527758E-01  0.30722231E-03  0.00000000E+00    5.216450
 -3.220 -0.18046193E-01  0.32566508E-03  0.00000000E+00    5.184200
 -3.210 -0.18577925E-01  0.34513930E-03  0.00000000E+00    5.152050
 -3.200 -0.19123226E-01  0.36569779E-03  0.00000000E+00    5.120000
 -3.190 -0.19682373E-01  0.38739581E-03  0.00000000E+00    5.088050
 -3.180 -0.20255644E-01  0.41029113E-03  0.00000000E+00    5.056200
 -3.170 -0.20843322E-01  0.43444407E-03  0.00000000E+00    5.024450
 -3.160 -0.21445692E-01  0.45991771E-03  0.00000000E+00    4.992800
 -3.150 -0.22063043E-01  0.48677788E-03  0.00000000E+00    4.961250
 -3.140 -0.22695668E-01  0.51509334E-03  0.00000000E+00    4.929800
 -3.130 -0.23343861E-01  0.54493583E-03  0.00000000E+00    4.898450
 -3.120 -0.24007920E-01  0.57638023E-03  0.00000000E+00    4.867200
 -3.110 -0.24688148E-01  0.60950464E-03  0.00000000E+00    4.836050
 -3.100 -0.25384847E-01  0.64439048E-03  0.00000000E+00    4.805000
 -3.090 -0.26098327E-01  0.68112265E-03  0.00000000E+00    4.774050
 -3.080 -0.26828895E-01  0.71978963E-03  0.00000000E+00    4.743200
 -3.070 -0.27576866E-01  0.76048356E-03  0.00000000E+00    4.712450
 -3.060 -0.28342556E-01  0.80330045E-03  0.00000000E+00    4.681800
 -3.050 -0.29126281E-01  0.84834023E-03  0.00000000E+00    4.651250
 -3.040 -0.29928363E-01  0.89570690E-03  0.00000000E+00    4.620800
 -3.030 -0.30749125E-01  0.94550870E-03  0.00000000E+00    4.590450
 -3.020 -0.31588893E-01  0.99785818E-03  0.00000000E+00    4.560200
 -3.010 -0.32447995E-01  0.10528724E-02  0.00000000E+00    4.530050
 -3.000 -0.33326761E-01  0.11106730E-02  0.00000000E+00    4.500000
 -2.990 -0.34225523E-01  0.11713864E-02  0.00000000E+00    4.470050
 -2.980 -0.35144615E-01  0.12351440E-02  0.00000000E+00    4.440200
 -2.970 -0.36084374E-01  0.13020821E-02  0.00000000E+00    4.410450
 -2.960 -0.37045138E-01  0.13723422E-02  0.00000000E+00    4.380800
 -2.950 -0.38027245E-01  0.14460714E-02  0.00000000E+00    4.351250
 -2.940 -0.39031038E-01  0.15234219E-02  0.00000000E+00    4.321800
 -2.930 -0.40056858E-01  0.16045519E-02  0.00000000E+00    4.292450
 -2.920 -0.41105050E-01  0.16896251E-02  0.00000000E+00    4.263200
 -2.910 -0.42175958E-01  0.17788114E-02  0.00000000E+00    4.234050
 -2.900 -0.43269929E-01  0.18722867E-02  0.00000000E+00    4.205000
 -2.890 -0.44387308E-01  0.19702331E-02  0.00000000E+00    4.176050
 -2.880 -0.45528445E-01  0.20728393E-02  0.00000000E+00    4.147200
 -2.870 -0.46693686E-01  0.21803003E-02  0.00000000E+00    4.118450
 -2.860 -0.47883380E-01  0.22928181E-02  0.00000000E+00    4.089800
 -2.850 -0.49097876E-01  0.24106015E-02  0.00000000E+00    4.061250
 -2.840 -0.50337523E-01  0.25338662E-02  0.00000000E+00    4.032800
 -2.830 -0.51602669E-01  0.26628354E-02  0.00000000E+00    4.004450
 -2.820 -0.52893662E-01  0.27977395E-02  0.00000000E+00    3.976200
 -2.810 -0.54210850E-01  0.29388163E-02  0.00000000E+00    3.948050
 -2.800 -0.55554581E-01  0.30863115E-02  0.00000000E+00    3.920000
 -2.790 -0.56925200E-01  0.32404784E-02  0.00000000E+00    3.892050
 -2.780 -0.58323053E-01  0.34015786E-02  0.00000000E+00    3.864200
 -2.770 -0.59748484E-01  0.35698814E-02  0.00000000E+00    3.836450
 -2.760 -0.61201835E-01  0.37456646E-02  0.00000000E+00    3.808800
 -2.750 -0.62683447E-01  0.39292145E-02  0.00000000E+00    3.781250
 -2.740 -0.64193658E-01  0.41208257E-02  0.00000000E+00    3.753800
 -2.730 -0.65732805E-01  0.43208017E-02  0.00000000E+00    3.726450
 -2.720 -0.67301223E-01  0.45294546E-02  0.00000000E+00    3.699200
 -2.710 -0.68899242E-01  0.47471056E-02  0.00000000E+00    3.672050
 -2.700 -0.70527192E-01  0.49740849E-02  0.00000000E+00    3.645000
 -2.690 -0.72185399E-01  0.52107319E-02  0.00000000E+00    3.618050
 -2.680 -0.73874185E-01  0.54573951E-02  0.00000000E+00    3.591200
 -2.670 -0.75593867E-01  0.57144328E-02  0.00000000E+00    3.564450
 -2.660 -0.77344762E-01  0.59822122E-02  0.00000000E+00    3.537800
 -2.650 -0.79127180E-01  0.62611106E-02  0.00000000E+00    3.511250
 -2.640 -0.80941427E-01  0.65515146E-02  0.00000000E+00    3.484800
 -2.630 -0.82787805E-01  0.68538206E-02  0.00000000E+00    3.458450
 -2.620 -0.84666610E-01  0.71684348E-02  0.00000000E+00    3.432200
 -2.610 -0.86578134E-01  0.74957733E-02  0.00000000E+00    3.406050
 -2.600 -0.88522663E-01  0.78362618E-02  0.00000000E+00    3.380000
 -2.590 -0.90500476E-01  0.81903362E-02  0.00000000E+00    3.354050
 -2.580 -0.92511848E-01  0.85584421E-02  0.00000000E+00    3.328200
 -2.570 -0.94557047E-01  0.89410351E-02  0.00000000E+00    3.302450
 -2.560 -0.96636333E-01  0.93385808E-02  0.00000000E+00    3.276800
 -2.550 -0.98749959E-01  0.97515545E-02  0.00000000E+00    3.251250
 -2.540 -0.10089817E+00  0.10180441E-01  0.00000000E+00    3.225800
 -2.530 -0.10308121E+00  0.10625737E-01  0.00000000E+00    3.200450
 -2.520 -0.10529931E+00  0.11087945E-01  0.00000000E+00    3.175200
 -2.510 -0.10755269E+00  0.11567581E-01  0.00000000E+00    3.150050
 -2.500 -0.10984156E+00  0.12065168E-01  0.00000000E+00    3.125000
 -2.490 -0.11216613E+00  0.12581241E-01  0.00000000E+00    3.100050
 -2.480 -0.11452660E+00  0.13116341E-01  0.00000000E+00    3.075200
 -2.470 -0.11692314E+00  0.13671021E-01  0.00000000E+00    3.050450
 -2.460 -0.11935594E+00  0.14245841E-01  0.00000000E+00    3.025800
 -2.450 -0.12182517E+00  0.14841372E-01  0.00000000E+00    3.001250
 -2.440 -0.12433097E+00  0.15458191E-01  0.00000000E+00    2.976800
 -2.430 -0.12687350E+00  0.16096885E-01  0.00000000E+00    2.952450
 -2.420 -0.12945288E+00  0.16758049E-01  0.00000000E+00    2.928200
 -2.410 -0.13206924E+00  0.17442285E-01  0.00000000E+00    2.904050
 -2.400 -0.13472269E+00  0.18150203E-01  0.00000000E+00    2.880000
 -2.390 -0.13741332E+00  0.18882421E-01  0.00000000E+00    2.856050
 -2.380 -0.14014122E+00  0.19639562E-01  0.00000000E+00    2.832200
 -2.370 -0.14290646E+00  0.20422256E-01  0.00000000E+00    2.808450
 -2.360 -0.14570910E+00  0.21231141E-01  0.00000000E+00    2.784800
 -2.350 -0.14854917E+00  0.22066857E-01  0.00000000E+00    2.761250
 -2.340 -0.15142672E+00  0.22930053E-01  0.00000000E+00    2.737800
 -2.330 -0.15434176E+00  0.23821380E-01  0.00000000E+00    2.714450
 -2.320 -0.15729429E+00  0.24741493E-01  0.00000000E+00    2.691200
 -2.310 -0.16028429E+00  0.25691053E-01  0.00000000E+00    2.668050
 -2.300 -0.16331173E+00  0.26670723E-01  0.00000000E+00    2.645000
 -2.290 -0.16637658E+00  0.27681166E-01  0.00000000E+00    2.622050
 -2.280 -0.16947876E+00  0.28723050E-01  0.00000000E+00    2.599200
 -2.270 -0.17261820E+00  0.29797043E-01  0.00000000E+00    2.576450
 -2.260 -0.17579480E+00  0.30903813E-01  0.00000000E+00    2.553800
 -2.250 -0.17900846E+00  0.32044028E-01  0.00000000E+00    2.531250
 -2.240 -0.18225903E+00  0.33218355E-01  0.00000000E+00    2.508800
 -2.230 -0.18554638E+00  0.34427460E-01  0.00000000E+00    2.486450
 -2.220 -0.18887034E+00  0.35672005E-01  0.00000000E+00    2.464200
 -2.210 -0.19223072E+00  0.36952648E-01  0.00000000E+00    2.442050
 -2.200 -0.19562731E+00  0.38270046E-01  0.00000000E+00    2.420000
 -2.190 -0.19905991E+00  0.39624846E-01  0.00000000E+00    2.398050
 -2.180 -0.20252825E+00  0.41017693E-01  0.00000000E+00    2.376200
 -2.170 -0.20603209E+00  0.42449223E-01  0.00000000E+00    2.354450
 -2.160 -0.20957114E+00  0.43920063E-01  0.00000000E+00    2.332800
 -2.150 -0.21314509E+00  0.45430831E-01  0.00000000E+00    2.311250
 -2.140 -0.21675363E+00  0.46982137E-01  0.00000000E+00    2.289800
 -2.130 -0.22039641E+00  0.48574577E-01  0.00000000E+00    2.268450
 -2.120 -0.22407306E+00  0.50208736E-01  0.00000000E+00    2.247200
 -2.110 -0.22778320E+00  0.51885185E-01  0.00000000E+00    2.226050
 -2.100 -0.23152641E+00  0.53604479E-01  0.00000000E+00    2.205000
 -2.090 -0.23530227E+00  0.55367159E-01  0.00000000E+00    2.184050
 -2.080 -0.23911032E+00  0.57173747E-01  0.00000000E+00    2.163200
 -2.070 -0.24295009E+00  0.59024747E-01  0.00000000E+00    2.142450
 -2.060 -0.24682108E+00  0.60920645E-01  0.00000000E+00    2.121800
 -2.050 -0.25072276E+00  0.62861902E-01  0.00000000E+00    2.101250
 -2.040 -0.25465459E+00  0.64848961E-01  0.00000000E+00    2.080800
 -2.030 -0.25861600E+00  0.66882238E-01  0.00000000E+00    2.060450
 -2.020 -0.26260641E+00  0.68962125E-01  0.00000000E+00    2.040200
 -2.010 -0.26662518E+00  0.71088988E-01  0.00000000E+00    2.020050
 -2.000 -0.27067169E+00  0.73263164E-01  0.00000000E+00    2.000000
 -1.990 -0.27474527E+00  0.75484961E-01  0.00000000E+00    1.980050
 -1.980 -0.27884522E+00  0.77754657E-01  0.00000000E+00    1.960200
 -1.970 -0.28297084E+00  0.80072497E-01  0.00000000E+00    1.940450
 -1.960 -0.28712139E+00  0.82438692E-01  0.00000000E+00    1.920800
 -1.950 -0.29129610E+00  0.84853419E-01  0.00000000E+00    1.901250
 -1.940 -0.29549419E+00  0.87316818E-01  0.00000000E+00    1.881800
 -1.930 -0.29971485E+00  0.89828991E-01  0.00000000E+00    1.862450
 -1.920 -0.30395723E+00  0.92389999E-01  0.00000000E+00    1.843200
 -1.910 -0.30822048E+00  0.94999864E-01  0.00000000E+00    1.824050
 -1.900 -0.31250370E+00  0.97658565E-01  0.00000000E+00    1.805000
 -1.890 -0.31680599E+00  0.10036604E+00  0.00000000E+00    1.786050
 -1.880 -0.32112641E+00  0.10312217E+00  0.00000000E+00    1.767200
 -1.870 -0.32546398E+00  0.10592680E+00  0.00000000E+00    1.748450
 -1.860 -0.32981773E+00  0.10877973E+00  0.00000000E+00    1.729800
 -1.850 -0.33418664E+00  0.11168071E+00  0.00000000E+00    1.711250
 -1.840 -0.33856967E+00  0.11462942E+00  0.00000000E+00    1.692800
 -1.830 -0.34296575E+00  0.11762551E+00  0.00000000E+00    1.674450
 -1.820 -0.34737380E+00  0.12066856E+00  0.00000000E+00    1.656200
 -1.810 -0.35179271E+00  0.12375811E+00  0.00000000E+00    1.638050
 -1.800 -0.35622133E+00  0.12689363E+00  0.00000000E+00    1.620000
 -1.790 -0.36065850E+00  0.13007455E+00  0.00000000E+00    1.602050
 -1.780 -0.36510303E+00  0.13330022E+00  0.00000000E+00    1.584200
 -1.770 -0.36955371E+00  0.13656994E+00  0.00000000E+00    1.566450
 -1.760 -0.37400930E+00  0.13988296E+00  0.00000000E+00    1.548800
 -1.750 -0.37846855E+00  0.14323844E+00  0.00000000E+00    1.531250
 -1.740 -0.38293016E+00  0.14663551E+00  0.00000000E+00    1.513800
 -1.730 -0.38739283E+00  0.15007321E+00  0.37859825E+01    1.496450
 -1.720 -0.39185523E+00  0.15355052E+00  0.15612290E+01    1.479200
 -1.710 -0.39631599E+00  0.15706637E+00  0.11556296E+01    1.462050
 -1.700 -0.40077376E+00  0.16061960E+00  0.95987674E+00    1.445000
 -1.690 -0.40522711E+00  0.16420901E+00  0.83920272E+00    1.428050
 -1.680 -0.40967463E+00  0.16783330E+00  0.75538238E+00    1.411200
 -1.670 -0.41411488E+00  0.17149113E+00  0.69284829E+00    1.394450
 -1.660 -0.41854639E+00  0.17518108E+00  0.64391314E+00    1.377800
 -1.650 -0.42296767E+00  0.17890165E+00  0.60428677E+00    1.361250
 -1.640 -0.42737721E+00  0.18265128E+00  0.57136171E+00    1.344800
 -1.630 -0.43177349E+00  0.18642835E+00  0.54344994E+00    1.328450
 -1.620 -0.43615496E+00  0.19023115E+00  0.51940413E+00    1.312200
 -1.610 -0.44052004E+00  0.19405791E+00  0.49841363E+00    1.296050
 -1.600 -0.44486716E+00  0.19790679E+00  0.47988725E+00    1.280000
 -1.590 -0.44919471E+00  0.20177589E+00  0.46338238E+00    1.264050
 -1.580 -0.45350106E+00  0.20566321E+00  0.44856020E+00    1.248200
 -1.570 -0.45778457E+00  0.20956671E+00  0.43515636E+00    1.232450
 -1.560 -0.46204359E+00  0.21348428E+00  0.42296115E+00    1.216800
 -1.550 -0.46627644E+00  0.21741372E+00  0.41180586E+00    1.201250
 -1.540 -0.47048143E+00  0.22135278E+00  0.40155296E+00    1.185800
 -1.530 -0.47465686E+00  0.22529913E+00  0.39208910E+00    1.170450
 -1.520 -0.47880100E+00  0.22925040E+00  0.38331988E+00    1.155200
 -1.510 -0.48291213E+00  0.23320413E+00  0.37516599E+00    1.140050
 -1.500 -0.48698850E+00  0.23715779E+00  0.36756025E+00    1.125000
 -1.490 -0.49102834E+00  0.24110883E+00  0.36044530E+00    1.110050
 -1.480 -0.49502989E+00  0.24505459E+00  0.35377184E+00    1.095200
 -1.470 -0.49899136E+00  0.24899237E+00  0.34749723E+00    1.080450
 -1.460 -0.50291096E+00  0.25291943E+00  0.34158440E+00    1.065800
 -1.450 -0.50678689E+00  0.25683295E+00  0.33600091E+00    1.051250
 -1.440 -0.51061734E+00  0.26073007E+00  0.33071826E+00    1.036800
 -1.430 -0.51440049E+00  0.26460786E+00  0.32571129E+00    1.022450
 -1.420 -0.51813451E+00  0.26846337E+00  0.32095767E+00    1.008200
 -1.410 -0.52181756E+00  0.27229357E+00  0.31643757E+00    0.994050
 -1.400 -0.52544782E+00  0.27609541E+00  0.31213321E+00    0.980000
 -1.390 -0.52902343E+00  0.27986579E+00  0.30802870E+00    0.966050
 -1.380 -0.53254255E+00  0.28360157E+00  0.30410972E+00    0.952200
 -1.370 -0.53600332E+00  0.28729956E+00  0.30036336E+00    0.938450
 -1.360 -0.53940390E+00  0.29095657E+00  0.29677792E+00    0.924800
 -1.350 -0.54274242E+00  0.29456934E+00  0.29334280E+00    0.911250
 -1.340 -0.54601704E+00  0.29813461E+00  0.29004834E+00    0.897800
 -1.330 -0.54922590E+00  0.30164909E+00  0.28688575E+00    0.884450
 -1.320 -0.55236715E+00  0.30510947E+00  0.28384697E+00    0.871200
 -1.310 -0.55543893E+00  0.30851241E+00  0.28092463E+00    0.858050
 -1.300 -0.55843940E+00  0.31185456E+00  0.27811196E+00    0.845000
 -1.290 -0.56136672E+00  0.31513259E+00  0.27540272E+00    0.832050
 -1.280 -0.56421904E+00  0.31834313E+00  0.27279119E+00    0.819200
 -1.270 -0.56699455E+00  0.32148282E+00  0.27027205E+00    0.806450
 -1.260 -0.56969140E+00  0.32454830E+00  0.26784039E+00    0.793800
 -1.250 -0.57230780E+00  0.32753622E+00  0.26549168E+00    0.781250
 -1.240 -0.57484193E+00  0.33044324E+00  0.26322169E+00    0.768800
 -1.230 -0.57729199E+00  0.33326604E+00  0.26102650E+00    0.756450
 -1.220 -0.57965621E+00  0.33600132E+00  0.25890246E+00    0.744200
 -1.210 -0.58193281E+00  0.33864579E+00  0.25684616E+00    0.732050
 -1.200 -0.58412003E+00  0.34119621E+00  0.25485442E+00    0.720000
 -1.190 -0.58621613E+00  0.34364935E+00  0.25292429E+00    0.708050
 -1.180 -0.58821938E+00  0.34600204E+00  0.25105296E+00    0.696200
 -1.170 -0.59012807E+00  0.34825114E+00  0.24923785E+00    0.684450
 -1.160 -0.59194051E+00  0.35039357E+00  0.24747650E+00    0.672800
 -1.150 -0.59365502E+00  0.35242628E+00  0.24576663E+00    0.661250
 -1.140 -0.59526995E+00  0.35434631E+00  0.24410606E+00    0.649800
 -1.130 -0.59678365E+00  0.35615073E+00  0.24249279E+00    0.638450
 -1.120 -0.59819453E+00  0.35783670E+00  0.24092488E+00    0.627200
 -1.110 -0.59950099E+00  0.35940143E+00  0.23940054E+00    0.616050
 -1.100 -0.60070146E+00  0.36084225E+00  0.23791806E+00    0.605000
 -1.090 -0.60179441E+00  0.36215652E+00  0.23647583E+00    0.594050
 -1.080 -0.60277833E+00  0.36334171E+00  0.23507234E+00    0.583200
 -1.070 -0.60365172E+00  0.36439539E+00  0.23370614E+00    0.572450
 -1.060 -0.60441312E+00  0.36531522E+00  0.23237587E+00    0.561800
 -1.050 -0.60506112E+00  0.36609896E+00  0.23108024E+00    0.551250
 -1.040 -0.60559431E+00  0.36674447E+00  0.22981802E+00    0.540800
 -1.030 -0.60601133E+00  0.36724973E+00  0.22858805E+00    0.530450
 -1.020 -0.60631083E+00  0.36761282E+00  0.22738922E+00    0.520200
 -1.010 -0.60649152E+00  0.36783197E+00  0.22622048E+00    0.510050
 -1.000 -0.60655214E+00  0.36790550E+00  0.22508084E+00    0.500000
 -0.990 -0.60649145E+00  0.36783188E+00  0.22396933E+00    0.490050
 -0.980 -0.60630825E+00  0.36760970E+00  0.22288506E+00    0.480200
 -0.970 -0.60600140E+00  0.36723769E+00  0.22182715E+00    0.470450
 -0.960 -0.60556976E+00  0.36671474E+00  0.22079479E+00    0.460800
 -0.950 -0.60501227E+00  0.36603984E+00  0.21978719E+00    0.451250
 -0.940 -0.60432787E+00  0.36521217E+00  0.21880360E+00    0.441800
 -0.930 -0.60351558E+00  0.36423105E+00  0.21784329E+00    0.432450
 -0.920 -0.60257443E+00  0.36309594E+00  0.21690560E+00    0.423200
 -0.910 -0.60150351E+00  0.36180648E+00  0.21598985E+00    0.414050
 -0.900 -0.60030196E+00  0.36036244E+00  0.21509542E+00    0.405000
 -0.890 -0.59896894E+00  0.35876379E+00  0.21422172E+00    0.396050
 -0.880 -0.59750367E+00  0.35701064E+00  0.21336816E+00    0.387200
 -0.870 -0.59590543E+00  0.35510328E+00  0.21253420E+00    0.378450
 -0.860 -0.59417352E+00  0.35304218E+00  0.21171931E+00    0.369800
 -0.850 -0.59230731E+00  0.35082795E+00  0.21092299E+00    0.361250
 -0.840 -0.59030620E+00  0.34846141E+00  0.21014474E+00    0.352800
 -0.830 -0.58816965E+00  0.34594354E+00  0.20938410E+00    0.344450
 -0.820 -0.58589718E+00  0.34327550E+00  0.20864062E+00    0.336200
 -0.810 -0.58348833E+00  0.34045863E+00  0.20791388E+00    0.328050
 -0.800 -0.58094271E+00  0.33749444E+00  0.20720346E+00    0.320000
 -0.790 -0.57826000E+00  0.33438463E+00  0.20650896E+00    0.312050
 -0.780 -0.57543990E+00  0.33113108E+00  0.20583001E+00    0.304200
 -0.770 -0.57248219E+00  0.32773585E+00  0.20516623E+00    0.296450
 -0.760 -0.56938667E+00  0.32420117E+00  0.20451728E+00    0.288800
 -0.750 -0.56615322E+00  0.32052947E+00  0.20388280E+00    0.281250
 -0.740 -0.56278178E+00  0.31672333E+00  0.20326249E+00    0.273800
 -0.730 -0.55927232E+00  0.31278552E+00  0.20265602E+00    0.266450
 -0.720 -0.55562488E+00  0.30871901E+00  0.20206308E+00    0.259200
 -0.710 -0.55183956E+00  0.30452690E+00  0.20148339E+00    0.252050
 -0.700 -0.54791651E+00  0.30021251E+00  0.20091667E+00    0.245000
 -0.690 -0.54385594E+00  0.29577928E+00  0.20036264E+00    0.238050
 -0.680 -0.53965810E+00  0.29123087E+00  0.19982104E+00    0.231200
 -0.670 -0.53532332E+00  0.28657106E+00  0.19929162E+00    0.224450
 -0.660 -0.53085198E+00  0.28180383E+00  0.19877414E+00    0.217800
 -0.650 -0.52624451E+00  0.27693328E+00  0.19826836E+00    0.211250
 -0.640 -0.52150140E+00  0.27196371E+00  0.19777406E+00    0.204800
 -0.630 -0.51662320E+00  0.26689953E+00  0.19729102E+00    0.198450
 -0.620 -0.51161052E+00  0.26174532E+00  0.19681902E+00    0.192200
 -0.610 -0.50646402E+00  0.25650581E+00  0.19635786E+00    0.186050
 -0.600 -0.50118443E+00  0.25118584E+00  0.19590735E+00    0.180000
 -0.590 -0.49577254E+00  0.24579041E+00  0.19546730E+00    0.174050
 -0.580 -0.49022917E+00  0.24032463E+00  0.19503752E+00    0.168200
 -0.570 -0.48455522E+00  0.23479376E+00  0.19461784E+00    0.162450
 -0.560 -0.47875165E+00  0.22920314E+00  0.19420809E+00    0.156800
 -0.550 -0.47281947E+00  0.22355825E+00  0.19380810E+00    0.151250
 -0.540 -0.46675975E+00  0.21786466E+00  0.19341771E+00    0.145800
 -0.530 -0.46057361E+00  0.21212805E+00  0.19303677E+00    0.140450
 -0.520 -0.45426225E+00  0.20635419E+00  0.19266512E+00    0.135200
 -0.510 -0.44782688E+00  0.20054892E+00  0.19230264E+00    0.130050
 -0.500 -0.44126882E+00  0.19471817E+00  0.19194917E+00    0.125000
 -0.490 -0.43458941E+00  0.18886796E+00  0.19160459E+00    0.120050
 -0.480 -0.42779006E+00  0.18300434E+00  0.19126876E+00    0.115200
 -0.470 -0.42087223E+00  0.17713343E+00  0.19094157E+00    0.110450
 -0.460 -0.41383744E+00  0.17126142E+00  0.19062288E+00    0.105800
 -0.450 -0.40668725E+00  0.16539452E+00  0.19031258E+00    0.101250
 -0.440 -0.39942329E+00  0.15953897E+00  0.19001057E+00    0.096800
 -0.430 -0.39204725E+00  0.15370104E+00  0.18971673E+00    0.092450
 -0.420 -0.38456083E+00  0.14788703E+00  0.18943095E+00    0.088200
 -0.410 -0.37696584E+00  0.14210324E+00  0.18915314E+00    0.084050
 -0.400 -0.36926409E+00  0.13635597E+00  0.18888321E+00    0.080000
 -0.390 -0.36145747E+00  0.13065150E+00  0.18862104E+00    0.076050
 -0.380 -0.35354791E+00  0.12499613E+00  0.18836656E+00    0.072200
 -0.370 -0.34553740E+00  0.11939610E+00  0.18811968E+00    0.068450
 -0.360 -0.33742796E+00  0.11385763E+00  0.18788032E+00    0.064800
 -0.350 -0.32922166E+00  0.10838690E+00  0.18764838E+00    0.061250
 -0.340 -0.32092063E+00  0.10299005E+00  0.18742380E+00    0.057800
 -0.330 -0.31252703E+00  0.97673145E-01  0.18720650E+00    0.054450
 -0.320 -0.30404308E+00  0.92442196E-01  0.18699640E+00    0.051200
 -0.310 -0.29547103E+00  0.87303132E-01  0.18679345E+00    0.048050
 -0.300 -0.28681318E+00  0.82261803E-01  0.18659756E+00    0.045000
 -0.290 -0.27807187E+00  0.77323967E-01  0.18640868E+00    0.042050
 -0.280 -0.26924948E+00  0.72495283E-01  0.18622675E+00    0.039200
 -0.270 -0.26034842E+00  0.67781302E-01  0.18605171E+00    0.036450
 -0.260 -0.25137116E+00  0.63187461E-01  0.18588350E+00    0.033800
 -0.250 -0.24232019E+00  0.58719074E-01  0.18572206E+00    0.031250
 -0.240 -0.23319804E+00  0.54381324E-01  0.18556735E+00    0.028800
 -0.230 -0.22400727E+00  0.50179255E-01  0.18541932E+00    0.026450
 -0.220 -0.21475048E+00  0.46117768E-01  0.18527792E+00    0.024200
 -0.210 -0.20543031E+00  0.42201612E-01  0.18514311E+00    0.022050
 -0.200 -0.19604941E+00  0.38435373E-01  0.18501484E+00    0.020000
 -0.190 -0.18661049E+00  0.34823476E-01  0.18489307E+00    0.018050
 -0.180 -0.17711626E+00  0.31370169E-01  0.18477777E+00    0.016200
 -0.170 -0.16756947E+00  0.28079526E-01  0.18466891E+00    0.014450
 -0.160 -0.15797289E+00  0.24955433E-01  0.18456643E+00    0.012800
 -0.150 -0.14832932E+00  0.22001588E-01  0.18447033E+00    0.011250
 -0.140 -0.13864159E+00  0.19221491E-01  0.18438056E+00    0.009800
 -0.130 -0.12891254E+00  0.16618443E-01  0.18429710E+00    0.008450
 -0.120 -0.11914503E+00  0.14195539E-01  0.18421992E+00    0.007200
 -0.110 -0.10934196E+00  0.11955663E-01  0.18414900E+00    0.006050
 -0.100 -0.99506208E-01  0.99014854E-02  0.18408432E+00    0.005000
 -0.090 -0.89640708E-01  0.80354565E-02  0.18402586E+00    0.004050
 -0.080 -0.79748389E-01  0.63598055E-02  0.18397360E+00    0.003200
 -0.070 -0.69832196E-01  0.48765356E-02  0.18392753E+00    0.002450
 -0.060 -0.59895089E-01  0.35874216E-02  0.18388762E+00    0.001800
 -0.050 -0.49940034E-01  0.24940070E-02  0.18385388E+00    0.001250
 -0.040 -0.39970010E-01  0.15976017E-02  0.18382628E+00    0.000800
 -0.030 -0.29988002E-01  0.89928027E-03  0.18380483E+00    0.000450
 -0.020 -0.19997000E-01  0.39988001E-03  0.18378951E+00    0.000200
 -0.010 -0.10000000E-01  0.10000000E-03  0.18378032E+00    0.000050
  0.000  0.00000000E+00  0.00000000E+00  0.18377726E+00    0.000000
  0.010  0.10000000E-01  0.10000000E-03  0.18378032E+00    0.000050
  0.020  0.19997000E-01  0.39988001E-03  0.18378951E+00    0.000200
  0.030  0.29988002E-01  0.89928027E-03  0.18380483E+00    0.000450
  0.040  0.39970010E-01  0.15976017E-02  0.18382628E+00    0.000800
  0.050  0.49940034E-01  0.24940070E-02  0.18385388E+00    0.001250
  0.060  0.59895089E-01  0.35874216E-02  0.18388762E+00    0.001800
  0.070  0.69832196E-01  0.48765356E-02  0.18392753E+00    0.002450
  0.080  0.79748389E-01  0.63598055E-02  0.18397360E+00    0.003200
  0.090  0.89640708E-01  0.80354565E-02  0.18402586E+00    0.004050
  0.100  0.99506208E-01  0.99014854E-02  0.18408432E+00    0.005000
  0.110  0.10934196E+00  0.11955663E-01  0.18414900E+00    0.006050
  0.120  0.11914503E+00  0.14195539E-01  0.18421992E+00    0.007200
  0.130  0.12891254E+00  0.16618443E-01  0.18429710E+00    0.008450
  0.140  0.13864159E+00  0.19221491E-01  0.18438056E+00    0.009800
  0.150  0.14832932E+00  0.22001588E-01  0.18447033E+00    0.011250
  0.160  0.15797289E+00  0.24955433E-01  0.18456643E+00    0.012800
  0.170  0.16756947E+00  0.28079526E-01  0.18466891E+00    0.014450
  0.180  0.17711626E+00  0.31370169E-01  0.18477777E+00    0.016200
  0.190  0.18661049E+00  0.34823476E-01  0.18489307E+00    0.018050
  0.200  0.19604941E+00  0.38435373E-01  0.18501484E+00    0.020000
  0.210  0.20543031E+00  0.42201612E-01  0.18514311E+00    0.022050
  0.220  0.21475048E+00  0.46117768E-01  0.18527792E+00    0.024200
  0.230  0.22400727E+00  0.50179255E-01  0.18541932E+00    0.026450
  0.240  0.23319804E+00  0.54381324E-01  0.18556735E+00    0.028800
  0.250  0.24232019E+00  0.58719074E-01  0.18572206E+00    0.031250
  0.260  0.25137116E+00  0.63187461E-01  0.18588350E+00    0.033800
  0.270  0.26034842E+00  0.67781302E-01  0.18605171E+00    0.036450
  0.280  0.26924948E+00  0.72495283E-01  0.18622675E+00    0.039200
  0.290  0.27807187E+00  0.77323967E-01  0.18640868E+00    0.042050
  0.300  0.28681318E+00  0.82261803E-01  0.18659756E+00    0.045000
  0.310  0.29547103E+00  0.87303132E-01  0.18679345E+00    0.048050
  0.320  0.30404308E+00  0.92442196E-01  0.18699640E+00    0.051200
  0.330  0.31252703E+00  0.97673145E-01  0.18720650E+00    0.054450
  0.340  0.32092063E+00  0.10299005E+00  0.18742380E+00    0.057800
  0.350  0.32922166E+00  0.10838690E+00  0.18764838E+00    0.061250
  0.360  0.33742796E+00  0.11385763E+00  0.18788032E+00    0.064800
  0.370  0.34553740E+00  0.11939610E+00  0.18811968E+00    0.068450
  0.380  0.35354791E+00  0.12499613E+00  0.18836656E+00    0.072200
  0.390  0.36145747E+00  0.13065150E+00  0.18862104E+00    0.076050
  0.400  0.36926409E+00  0.13635597E+00  0.18888321E+00    0.080000
  0.410  0.37696584E+00  0.14210324E+00  0.18915314E+00    0.084050
  0.420  0.38456083E+00  0.14788703E+00  0.18943095E+00    0.088200
  0.430  0.39204725E+00  0.15370104E+00  0.18971673E+00    0.092450
  0.440  0.39942329E+00  0.15953897E+00  0.19001057E+00    0.096800
  0.450  0.40668725E+00  0.16539452E+00  0.19031258E+00    0.101250
  0.460  0.41383744E+00  0.17126142E+00  0.19062288E+00    0.105800
  0.470  0.42087223E+00  0.17713343E+00  0.19094157E+00    0.110450
  0.480  0.42779006E+00  0.18300434E+00  0.19126876E+00    0.115200
  0.490  0.43458941E+00  0.18886796E+00  0.19160459E+00    0.120050
  0.500  0.44126882E+00  0.19471817E+00  0.19194917E+00    0.125000
  0.510  0.44782688E+00  0.20054892E+00  0.19230264E+00    0.130050
  0.520  0.45426225E+00  0.20635419E+00  0.19266512E+00    0.135200
  0.530  0.46057361E+00  0.21212805E+00  0.19303677E+00    0.140450
  0.540  0.46675975E+00  0.21786466E+00  0.19341771E+00    0.145800
  0.550  0.47281947E+00  0.22355825E+00  0.19380810E+00    0.151250
  0.560  0.47875165E+00  0.22920314E+00  0.19420809E+00    0.156800
  0.570  0.48455522E+00  0.23479376E+00  0.19461784E+00    0.162450
  0.580  0.49022917E+00  0.24032463E+00  0.19503752E+00    0.168200
  0.590  0.49577254E+00  0.24579041E+00  0.19546730E+00    0.174050
  0.600  0.50118443E+00  0.25118584E+00  0.19590735E+00    0.180000
  0.610  0.50646402E+00  0.25650581E+00  0.19635786E+00    0.186050
  0.620  0.51161052E+00  0.26174532E+00  0.19681902E+00    0.192200
  0.630  0.51662320E+00  0.26689953E+00  0.19729102E+00    0.198450
  0.640  0.52150140E+00  0.27196371E+00  0.19777406E+00    0.204800
  0.650  0.52624451E+00  0.27693328E+00  0.19826836E+00    0.211250
  0.660  0.53085198E+00  0.28180383E+00  0.19877414E+00    0.217800
  0.670  0.53532332E+00  0.28657106E+00  0.19929162E+00    0.224450
  0.680  0.53965810E+00  0.29123087E+00  0.19982104E+00    0.231200
  0.690  0.54385594E+00  0.29577928E+00  0.20036264E+00    0.238050
  0.700  0.54791651E+00  0.30021251E+00  0.20091667E+00    0.245000
  0.710  0.55183956E+00  0.30452690E+00  0.20148339E+00    0.252050
  0.720  0.55562488E+00  0.30871901E+00  0.20206308E+00    0.259200
  0.730  0.55927232E+00  0.31278552E+00  0.20265602E+00    0.266450
  0.740  0.56278178E+00  0.31672333E+00  0.20326249E+00    0.273800
  0.750  0.56615322E+00  0.32052947E+00  0.20388280E+00    0.281250
  0.760  0.56938667E+00  0.32420117E+00  0.20451728E+00    0.288800
  0.770  0.57248219E+00  0.32773585E+00  0.20516623E+00    0.296450
  0.780  0.57543990E+00  0.33113108E+00  0.20583001E+00    0.304200
  0.790  0.57826000E+00  0.33438463E+00  0.20650896E+00    0.312050
  0.800  0.58094271E+00  0.33749444E+00  0.20720346E+00    0.320000
  0.810  0.58348833E+00  0.34045863E+00  0.20791388E+00    0.328050
  0.820  0.58589718E+00  0.34327550E+00  0.20864062E+00    0.336200
  0.830  0.58816965E+00  0.34594354E+00  0.20938410E+00    0.344450
  0.840  0.59030620E+00  0.34846141E+00  0.21014474E+00    0.352800
  0.850  0.59230731E+00  0.35082795E+00  0.21092299E+00    0.361250
  0.860  0.59417352E+00  0.35304218E+00  0.21171931E+00    0.369800
  0.870  0.59590543E+00  0.35510328E+00  0.21253420E+00    0.378450
  0.880  0.59750367E+00  0.35701064E+00  0.21336816E+00    0.387200
  0.890  0.59896894E+00  0.35876379E+00  0.21422172E+00    0.396050
  0.900  0.60030196E+00  0.36036244E+00  0.21509542E+00    0.405000
  0.910  0.60150351E+00  0.36180648E+00  0.21598985E+00    0.414050
  0.920  0.60257443E+00  0.36309594E+00  0.21690560E+00    0.423200
  0.930  0.60351558E+00  0.36423105E+00  0.21784329E+00    0.432450
  0.940  0.60432787E+00  0.36521217E+00  0.21880360E+00    0.441800
  0.950  0.60501227E+00  0.36603984E+00  0.21978719E+00    0.451250
  0.960  0.60556976E+00  0.36671474E+00  0.22079479E+00    0.460800
  0.970  0.60600140E+00  0.36723769E+00  0.22182715E+00    0.470450
  0.980  0.60630825E+00  0.36760970E+00  0.22288506E+00    0.480200
  0.990  0.60649145E+00  0.36783188E+00  0.22396933E+00    0.490050
  1.000  0.60655214E+00  0.36790550E+00  0.22508084E+00    0.500000
  1.010  0.60649152E+00  0.36783197E+00  0.22622048E+00    0.510050
  1.020  0.60631083E+00  0.36761282E+00  0.22738922E+00    0.520200
  1.030  0.60601133E+00  0.36724973E+00  0.22858805E+00    0.530450
  1.040  0.60559431E+00  0.36674447E+00  0.22981802E+00    0.540800
  1.050  0.60506112E+00  0.36609896E+00  0.23108024E+00    0.551250
  1.060  0.60441312E+00  0.36531522E+00  0.23237587E+00    0.561800
  1.070  0.60365172E+00  0.36439539E+00  0.23370614E+00    0.572450
  1.080  0.60277833E+00  0.36334171E+00  0.23507234E+00    0.583200
  1.090  0.60179441E+00  0.36215652E+00  0.23647583E+00    0.594050
  1.100  0.60070146E+00  0.36084225E+00  0.23791806E+00    0.605000
  1.110  0.59950099E+00  0.35940143E+00  0.23940054E+00    0.616050
  1.120  0.59819453E+00  0.35783670E+00  0.24092488E+00    0.627200
  1.130  0.59678365E+00  0.35615073E+00  0.24249279E+00    0.638450
  1.140  0.59526995E+00  0.35434631E+00  0.24410606E+00    0.649800
  1.150  0.59365502E+00  0.35242628E+00  0.24576663E+00    0.661250
  1.160  0.59194051E+00  0.35039357E+00  0.24747650E+00    0.672800
  1.170  0.59012807E+00  0.34825114E+00  0.24923785E+00    0.684450
  1.180  0.58821938E+00  0.34600204E+00  0.25105296E+00    0.696200
  1.190  0.58621613E+00  0.34364935E+00  0.25292429E+00    0.708050
  1.200  0.58412003E+00  0.34119621E+00  0.25485442E+00    0.720000
  1.210  0.58193281E+00  0.33864579E+00  0.25684616E+00    0.732050
  1.220  0.57965621E+00  0.33600132E+00  0.25890246E+00    0.744200
  1.230  0.57729199E+00  0.33326604E+00  0.26102650E+00    0.756450
  1.240  0.57484193E+00  0.33044324E+00  0.26322169E+00    0.768800
  1.250  0.57230780E+00  0.32753622E+00  0.26549168E+00    0.781250
  1.260  0.56969140E+00  0.32454830E+00  0.26784039E+00    0.793800
  1.270  0.56699455E+00  0.32148282E+00  0.27027205E+00    0.806450
  1.280  0.56421904E+00  0.31834313E+00  0.27279119E+00    0.819200
  1.290  0.56136672E+00  0.31513259E+00  0.27540272E+00    0.832050
  1.300  0.55843940E+00  0.31185456E+00  0.27811196E+00    0.845000
  1.310  0.55543893E+00  0.30851241E+00  0.28092463E+00    0.858050
  1.320  0.55236715E+00  0.30510947E+00  0.28384697E+00    0.871200
  1.330  0.54922590E+00  0.30164909E+00  0.28688575E+00    0.884450
  1.340  0.54601704E+00  0.29813461E+00  0.29004834E+00    0.897800
  1.350  0.54274242E+00  0.29456934E+00  0.29334280E+00    0.911250
  1.360  0.53940390E+00  0.29095657E+00  0.29677792E+00    0.924800
  1.370  0.53600332E+00  0.28729956E+00  0.30036336E+00    0.938450
  1.380  0.53254255E+00  0.28360157E+00  0.30410972E+00    0.952200
  1.390  0.52902343E+00  0.27986579E+00  0.30802870E+00    0.966050
  1.400  0.52544782E+00  0.27609541E+00  0.31213321E+00    0.980000
  1.410  0.52181756E+00  0.27229357E+00  0.31643757E+00    0.994050
  1.420  0.51813451E+00  0.26846337E+00  0.32095767E+00    1.008200
  1.430  0.51440049E+00  0.26460786E+00  0.32571129E+00    1.022450
  1.440  0.51061734E+00  0.26073007E+00  0.33071826E+00    1.036800
  1.450  0.50678689E+00  0.25683295E+00  0.33600091E+00    1.051250
  1.460  0.50291096E+00  0.25291943E+00  0.34158440E+00    1.065800
  1.470  0.49899136E+00  0.24899237E+00  0.34749723E+00    1.080450
  1.480  0.49502989E+00  0.24505459E+00  0.35377184E+00    1.095200
  1.490  0.49102834E+00  0.24110883E+00  0.36044530E+00    1.110050
  1.500  0.48698850E+00  0.23715779E+00  0.36756025E+00    1.125000
  1.510  0.48291213E+00  0.23320413E+00  0.37516599E+00    1.140050
  1.520  0.47880100E+00  0.22925040E+00  0.38331988E+00    1.155200
  1.530  0.47465686E+00  0.22529913E+00  0.39208910E+00    1.170450
  1.540  0.47048143E+00  0.22135278E+00  0.40155296E+00    1.185800
  1.550  0.46627644E+00  0.21741372E+00  0.41180586E+00    1.201250
  1.560  0.46204359E+00  0.21348428E+00  0.42296115E+00    1.216800
  1.570  0.45778457E+00  0.20956671E+00  0.43515636E+00    1.232450
  1.580  0.45350106E+00  0.20566321E+00  0.44856020E+00    1.248200
  1.590  0.44919471E+00  0.20177589E+00  0.46338238E+00    1.264050
  1.600  0.44486716E+00  0.19790679E+00  0.47988725E+00    1.280000
  1.610  0.44052004E+00  0.19405791E+00  0.49841363E+00    1.296050
  1.620  0.43615496E+00  0.19023115E+00  0.51940413E+00    1.312200
  1.630  0.43177349E+00  0.18642835E+00  0.54344994E+00    1.328450
  1.640  0.42737721E+00  0.18265128E+00  0.57136171E+00    1.344800
  1.650  0.42296767E+00  0.17890165E+00  0.60428677E+00    1.361250
  1.660  0.41854639E+00  0.17518108E+00  0.64391314E+00    1.377800
  1.670  0.41411488E+00  0.17149113E+00  0.69284829E+00    1.394450
  1.680  0.40967463E+00  0.16783330E+00  0.75538238E+00    1.411200
  1.690  0.40522711E+00  0.16420901E+00  0.83920272E+00    1.428050
  1.700  0.40077376E+00  0.16061960E+00  0.95987674E+00    1.445000
  1.710  0.39631599E+00  0.15706637E+00  0.11556296E+01    1.462050
  1.720  0.39185523E+00  0.15355052E+00  0.15612290E+01    1.479200
  1.730  0.38739283E+00  0.15007321E+00  0.37859825E+01    1.496450
  1.740  0.38293016E+00  0.14663551E+00  0.00000000E+00    1.513800
  1.750  0.37846855E+00  0.14323844E+00  0.00000000E+00    1.531250
  1.760  0.37400930E+00  0.13988296E+00  0.00000000E+00    1.548800
  1.770  0.36955371E+00  0.13656994E+00  0.00000000E+00    1.566450
  1.780  0.36510303E+00  0.13330022E+00  0.00000000E+00    1.584200
  1.790  0.36065850E+00  0.13007455E+00  0.00000000E+00    1.602050
  1.800  0.35622133E+00  0.12689363E+00  0.00000000E+00    1.620000
  1.810  0.35179271E+00  0.12375811E+00  0.00000000E+00    1.638050
  1.820  0.34737380E+00  0.12066856E+00  0.00000000E+00    1.656200
  1.830  0.34296575E+00  0.11762551E+00  0.00000000E+00    1.674450
  1.840  0.33856967E+00  0.11462942E+00  0.00000000E+00    1.692800
  1.850  0.33418664E+00  0.11168071E+00  0.00000000E+00    1.711250
  1.860  0.32981773E+00  0.10877973E+00  0.00000000E+00    1.729800
  1.870  0.32546398E+00  0.10592680E+00  0.00000000E+00    1.748450
  1.880  0.32112641E+00  0.10312217E+00  0.00000000E+00    1.767200
  1.890  0.31680599E+00  0.10036604E+00  0.00000000E+00    1.786050
  1.900  0.31250370E+00  0.97658565E-01  0.00000000E+00    1.805000
  1.910  0.30822048E+00  0.94999864E-01  0.00000000E+00    1.824050
  1.920  0.30395723E+00  0.92389999E-01  0.00000000E+00    1.843200
  1.930  0.29971485E+00  0.89828991E-01  0.00000000E+00    1.862450
  1.940  0.29549419E+00  0.87316818E-01  0.00000000E+00    1.881800
  1.950  0.29129610E+00  0.84853419E-01  0.00000000E+00    1.901250
  1.960  0.28712139E+00  0.82438692E-01  0.00000000E+00    1.920800
  1.970  0.28297084E+00  0.80072497E-01  0.00000000E+00    1.940450
  1.980  0.27884522E+00  0.77754657E-01  0.00000000E+00    1.960200
  1.990  0.27474527E+00  0.75484961E-01  0.00000000E+00    1.980050
  2.000  0.27067169E+00  0.73263164E-01  0.00000000E+00    2.000000
  2.010  0.26662518E+00  0.71088988E-01  0.00000000E+00    2.020050
  2.020  0.26260641E+00  0.68962125E-01  0.00000000E+00    2.040200
  2.030  0.25861600E+00  0.66882238E-01  0.00000000E+00    2.060450
  2.040  0.25465459E+00  0.64848961E-01  0.00000000E+00    2.080800
  2.050  0.25072276E+00  0.62861902E-01  0.00000000E+00    2.101250
  2.060  0.24682108E+00  0.60920645E-01  0.00000000E+00    2.121800
  2.070  0.24295009E+00  0.59024747E-01  0.00000000E+00    2.142450
  2.080  0.23911032E+00  0.57173747E-01  0.00000000E+00    2.163200
  2.090  0.23530227E+00  0.55367159E-01  0.00000000E+00    2.184050
  2.100  0.23152641E+00  0.53604479E-01  0.00000000E+00    2.205000
  2.110  0.22778320E+00  0.51885185E-01  0.00000000E+00    2.226050
  2.120  0.22407306E+00  0.50208736E-01  0.00000000E+00    2.247200
  2.130  0.22039641E+00  0.48574577E-01  0.00000000E+00    2.268450
  2.140  0.21675363E+00  0.46982137E-01  0.00000000E+00    2.289800
  2.150  0.21314509E+00  0.45430831E-01  0.00000000E+00    2.311250
  2.160  0.20957114E+00  0.43920063E-01  0.00000000E+00    2.332800
  2.170  0.20603209E+00  0.42449223E-01  0.00000000E+00    2.354450
  2.180  0.20252825E+00  0.41017693E-01  0.00000000E+00    2.376200
  2.190  0.19905991E+00  0.39624846E-01  0.00000000E+00    2.398050
  2.200  0.19562731E+00  0.38270046E-01  0.00000000E+00    2.420000
  2.210  0.19223072E+00  0.36952648E-01  0.00000000E+00    2.442050
  2.220  0.18887034E+00  0.35672005E-01  0.00000000E+00    2.464200
  2.230  0.18554638E+00  0.34427460E-01  0.00000000E+00    2.486450
  2.240  0.18225903E+00  0.33218355E-01  0.00000000E+00    2.508800
  2.250  0.17900846E+00  0.32044028E-01  0.00000000E+00    2.531250
  2.260  0.17579480E+00  0.30903813E-01  0.00000000E+00    2.553800
  2.270  0.17261820E+00  0.29797043E-01  0.00000000E+00    2.576450
  2.280  0.16947876E+00  0.28723050E-01  0.00000000E+00    2.599200
  2.290  0.16637658E+00  0.27681166E-01  0.00000000E+00    2.622050
  2.300  0.16331173E+00  0.26670723E-01  0.00000000E+00    2.645000
  2.310  0.16028429E+00  0.25691053E-01  0.00000000E+00    2.668050
  2.320  0.15729429E+00  0.24741493E-01  0.00000000E+00    2.691200
  2.330  0.15434176E+00  0.23821380E-01  0.00000000E+00    2.714450
  2.340  0.15142672E+00  0.22930053E-01  0.00000000E+00    2.737800
  2.350  0.14854917E+00  0.22066857E-01  0.00000000E+00    2.761250
  2.360  0.14570910E+00  0.21231141E-01  0.00000000E+00    2.784800
  2.370  0.14290646E+00  0.20422256E-01  0.00000000E+00    2.808450
  2.380  0.14014122E+00  0.19639562E-01  0.00000000E+00    2.832200
  2.390  0.13741332E+00  0.18882421E-01  0.00000000E+00    2.856050
  2.400  0.13472269E+00  0.18150203E-01  0.00000000E+00    2.880000
  2.410  0.13206924E+00  0.17442285E-01  0.00000000E+00    2.904050
  2.420  0.12945288E+00  0.16758049E-01  0.00000000E+00    2.928200
  2.430  0.12687350E+00  0.16096885E-01  0.00000000E+00    2.952450
  2.440  0.12433097E+00  0.15458191E-01  0.00000000E+00    2.976800
  2.450  0.12182517E+00  0.14841372E-01  0.00000000E+00    3.001250
  2.460  0.11935594E+00  0.14245841E-01  0.00000000E+00    3.025800
  2.470  0.11692314E+00  0.13671021E-01  0.00000000E+00    3.050450
  2.480  0.11452660E+00  0.13116341E-01  0.00000000E+00    3.075200
  2.490  0.11216613E+00  0.12581241E-01  0.00000000E+00    3.100050
  2.500  0.10984156E+00  0.12065168E-01  0.00000000E+00    3.125000
  2.510  0.10755269E+00  0.11567581E-01  0.00000000E+00    3.150050
  2.520  0.10529931E+00  0.11087945E-01  0.00000000E+00    3.175200
  2.530  0.10308121E+00  0.10625737E-01  0.00000000E+00    3.200450
  2.540  0.10089817E+00  0.10180441E-01  0.00000000E+00    3.225800
  2.550  0.98749959E-01  0.97515545E-02  0.00000000E+00    3.251250
  2.560  0.96636333E-01  0.93385808E-02  0.00000000E+00    3.276800
  2.570  0.94557047E-01  0.89410351E-02  0.00000000E+00    3.302450
  2.580  0.92511848E-01  0.85584421E-02  0.00000000E+00    3.328200
  2.590  0.90500476E-01  0.81903362E-02  0.00000000E+00    3.354050
  2.600  0.88522663E-01  0.78362618E-02  0.00000000E+00    3.380000
  2.610  0.86578134E-01  0.74957733E-02  0.00000000E+00    3.406050
  2.620  0.84666610E-01  0.71684348E-02  0.00000000E+00    3.432200
  2.630  0.82787805E-01  0.68538206E-02  0.00000000E+00    3.458450
  2.640  0.80941427E-01  0.65515146E-02  0.00000000E+00    3.484800
  2.650  0.79127180E-01  0.62611106E-02  0.00000000E+00    3.511250
  2.660  0.77344762E-01  0.59822122E-02  0.00000000E+00    3.537800
  2.670  0.75593867E-01  0.57144328E-02  0.00000000E+00    3.564450
  2.680  0.73874185E-01  0.54573951E-02  0.00000000E+00    3.591200
  2.690  0.72185399E-01  0.52107319E-02  0.00000000E+00    3.618050
  2.700  0.70527192E-01  0.49740849E-02  0.00000000E+00    3.645000
  2.710  0.68899242E-01  0.47471056E-02  0.00000000E+00    3.672050
  2.720  0.67301223E-01  0.45294546E-02  0.00000000E+00    3.699200
  2.730  0.65732805E-01  0.43208017E-02  0.00000000E+00    3.726450
  2.740  0.64193658E-01  0.41208257E-02  0.00000000E+00    3.753800
  2.750  0.62683447E-01  0.39292145E-02  0.00000000E+00    3.781250
  2.760  0.61201835E-01  0.37456646E-02  0.00000000E+00    3.808800
  2.770  0.59748484E-01  0.35698814E-02  0.00000000E+00    3.836450
  2.780  0.58323053E-01  0.34015786E-02  0.00000000E+00    3.864200
  2.790  0.56925200E-01  0.32404784E-02  0.00000000E+00    3.892050
  2.800  0.55554581E-01  0.30863115E-02  0.00000000E+00    3.920000
  2.810  0.54210850E-01  0.29388163E-02  0.00000000E+00    3.948050
  2.820  0.52893662E-01  0.27977395E-02  0.00000000E+00    3.976200
  2.830  0.51602669E-01  0.26628354E-02  0.00000000E+00    4.004450
  2.840  0.50337523E-01  0.25338662E-02  0.00000000E+00    4.032800
  2.850  0.49097876E-01  0.24106015E-02  0.00000000E+00    4.061250
  2.860  0.47883380E-01  0.22928181E-02  0.00000000E+00    4.089800
  2.870  0.46693686E-01  0.21803003E-02  0.00000000E+00    4.118450
  2.880  0.45528445E-01  0.20728393E-02  0.00000000E+00    4.147200
  2.890  0.44387308E-01  0.19702331E-02  0.00000000E+00    4.176050
  2.900  0.43269929E-01  0.18722867E-02  0.00000000E+00    4.205000
  2.910  0.42175958E-01  0.17788114E-02  0.00000000E+00    4.234050
  2.920  0.41105050E-01  0.16896251E-02  0.00000000E+00    4.263200
  2.930  0.40056858E-01  0.16045519E-02  0.00000000E+00    4.292450
  2.940  0.39031038E-01  0.15234219E-02  0.00000000E+00    4.321800
  2.950  0.38027245E-01  0.14460714E-02  0.00000000E+00    4.351250
  2.960  0.37045138E-01  0.13723422E-02  0.00000000E+00    4.380800
  2.970  0.36084374E-01  0.13020821E-02  0.00000000E+00    4.410450
  2.980  0.35144615E-01  0.12351440E-02  0.00000000E+00    4.440200
  2.990  0.34225523E-01  0.11713864E-02  0.00000000E+00    4.470050
  3.000  0.33326761E-01  0.11106730E-02  0.00000000E+00    4.500000
  3.010  0.32447995E-01  0.10528724E-02  0.00000000E+00    4.530050
  3.020  0.31588893E-01  0.99785818E-03  0.00000000E+00    4.560200
  3.030  0.30749125E-01  0.94550870E-03  0.00000000E+00    4.590450
  3.040  0.29928363E-01  0.89570690E-03  0.00000000E+00    4.620800
  3.050  0.29126281E-01  0.84834023E-03  0.00000000E+00    4.651250
  3.060  0.28342556E-01  0.80330045E-03  0.00000000E+00    4.681800
  3.070  0.27576866E-01  0.76048356E-03  0.00000000E+00    4.712450
  3.080  0.26828895E-01  0.71978963E-03  0.00000000E+00    4.743200
  3.090  0.26098327E-01  0.68112265E-03  0.00000000E+00    4.774050
  3.100  0.25384847E-01  0.64439048E-03  0.00000000E+00    4.805000
  3.110  0.24688148E-01  0.60950464E-03  0.00000000E+00    4.836050
  3.120  0.24007920E-01  0.57638023E-03  0.00000000E+00    4.867200
  3.130  0.23343861E-01  0.54493583E-03  0.00000000E+00    4.898450
  3.140  0.22695668E-01  0.51509334E-03  0.00000000E+00    4.929800
  3.150  0.22063043E-01  0.48677788E-03  0.00000000E+00    4.961250
  3.160  0.21445692E-01  0.45991771E-03  0.00000000E+00    4.992800
  3.170  0.20843322E-01  0.43444407E-03  0.00000000E+00    5.024450
  3.180  0.20255644E-01  0.41029113E-03  0.00000000E+00    5.056200
  3.190  0.19682373E-01  0.38739581E-03  0.00000000E+00    5.088050
  3.200  0.19123226E-01  0.36569779E-03  0.00000000E+00    5.120000
  3.210  0.18577925E-01  0.34513930E-03  0.00000000E+00    5.152050
  3.220  0.18046193E-01  0.32566508E-03  0.00000000E+00    5.184200
  3.230  0.17527758E-01  0.30722231E-03  0.00000000E+00    5.216450
  3.240  0.17022352E-01  0.28976047E-03  0.00000000E+00    5.248800
  3.250  0.16529708E-01  0.27323125E-03  0.00000000E+00    5.281250
  3.260  0.16049565E-01  0.25758854E-03  0.00000000E+00    5.313800
  3.270  0.15581664E-01  0.24278826E-03  0.00000000E+00    5.346450
  3.280  0.15125750E-01  0.22878831E-03  0.00000000E+00    5.379200
  3.290  0.14681571E-01  0.21554853E-03  0.00000000E+00    5.412050
  3.300  0.14248879E-01  0.20303055E-03  0.00000000E+00    5.445000
  3.310  0.13827430E-01  0.19119781E-03  0.00000000E+00    5.478050
  3.320  0.13416981E-01  0.18001539E-03  0.00000000E+00    5.511200
  3.330  0.13017297E-01  0.16945002E-03  0.00000000E+00    5.544450
  3.340  0.12628142E-01  0.15946997E-03  0.00000000E+00    5.577800
  3.350  0.12249286E-01  0.15004501E-03  0.00000000E+00    5.611250
  3.360  0.11880502E-01  0.14114633E-03  0.00000000E+00    5.644800
  3.370  0.11521567E-01  0.13274650E-03  0.00000000E+00    5.678450
  3.380  0.11172260E-01  0.12481939E-03  0.00000000E+00    5.712200
  3.390  0.10832365E-01  0.11734013E-03  0.00000000E+00    5.746050
  3.400  0.10501669E-01  0.11028505E-03  0.00000000E+00    5.780000
  3.410  0.10179963E-01  0.10363164E-03  0.00000000E+00    5.814050
  3.420  0.98670395E-02  0.97358469E-04  0.00000000E+00    5.848200
  3.430  0.95626973E-02  0.91445179E-04  0.00000000E+00    5.882450
  3.440  0.92667367E-02  0.85872409E-04  0.00000000E+00    5.916800
  3.450  0.89789620E-02  0.80621758E-04  0.00000000E+00    5.951250
  3.460  0.86991808E-02  0.75675747E-04  0.00000000E+00    5.985800
  3.470  0.84272042E-02  0.71017771E-04  0.00000000E+00    6.020450
  3.480  0.81628467E-02  0.66632065E-04  0.00000000E+00    6.055200
  3.490  0.79059258E-02  0.62503662E-04  0.00000000E+00    6.090050
  3.500  0.76562626E-02  0.58618357E-04  0.00000000E+00    6.125000
  3.510  0.74136815E-02  0.54962674E-04  0.00000000E+00    6.160050
  3.520  0.71780101E-02  0.51523829E-04  0.00000000E+00    6.195200
  3.530  0.69490791E-02  0.48289701E-04  0.00000000E+00    6.230450
  3.540  0.67267226E-02  0.45248798E-04  0.00000000E+00    6.265800
  3.550  0.65107778E-02  0.42390228E-04  0.00000000E+00    6.301250
  3.560  0.63010850E-02  0.39703672E-04  0.00000000E+00    6.336800
  3.570  0.60974876E-02  0.37179355E-04  0.00000000E+00    6.372450
  3.580  0.58998322E-02  0.34808019E-04  0.00000000E+00    6.408200
  3.590  0.57079682E-02  0.32580901E-04  0.00000000E+00    6.444050
  3.600  0.55217485E-02  0.30489706E-04  0.00000000E+00    6.480000
  3.610  0.53410283E-02  0.28526584E-04  0.00000000E+00    6.516050
  3.620  0.51656664E-02  0.26684109E-04  0.00000000E+00    6.552200
  3.630  0.49955241E-02  0.24955261E-04  0.00000000E+00    6.588450
  3.640  0.48304657E-02  0.23333399E-04  0.00000000E+00    6.624800
  3.650  0.46703583E-02  0.21812247E-04  0.00000000E+00    6.661250
  3.660  0.45150720E-02  0.20385875E-04  0.00000000E+00    6.697800
  3.670  0.43644793E-02  0.19048680E-04  0.00000000E+00    6.734450
  3.680  0.42184558E-02  0.17795369E-04  0.00000000E+00    6.771200
  3.690  0.40768796E-02  0.16620947E-04  0.00000000E+00    6.808050
  3.700  0.39396314E-02  0.15520696E-04  0.00000000E+00    6.845000
  3.710  0.38065947E-02  0.14490163E-04  0.00000000E+00    6.882050
  3.720  0.36776555E-02  0.13525150E-04  0.00000000E+00    6.919200
  3.730  0.35527023E-02  0.12621693E-04  0.00000000E+00    6.956450
  3.740  0.34316261E-02  0.11776058E-04  0.00000000E+00    6.993800
  3.750  0.33143205E-02  0.10984720E-04  0.00000000E+00    7.031250
  3.760  0.32006813E-02  0.10244361E-04  0.00000000E+00    7.068800
  3.770  0.30906069E-02  0.95518512E-05  0.00000000E+00    7.106450
  3.780  0.29839981E-02  0.89042444E-05  0.00000000E+00    7.144200
  3.790  0.28807576E-02  0.82987646E-05  0.00000000E+00    7.182050
  3.800  0.27807910E-02  0.77327983E-05  0.00000000E+00    7.220000
  3.810  0.26840055E-02  0.72038855E-05  0.00000000E+00    7.258050
  3.820  0.25903110E-02  0.67097110E-05  0.00000000E+00    7.296200
  3.830  0.24996193E-02  0.62480965E-05  0.00000000E+00    7.334450
  3.840  0.24118443E-02  0.58169931E-05  0.00000000E+00    7.372800
  3.850  0.23269023E-02  0.54144742E-05  0.00000000E+00    7.411250
  3.860  0.22447112E-02  0.50387284E-05  0.00000000E+00    7.449800
  3.870  0.21651912E-02  0.46880531E-05  0.00000000E+00    7.488450
  3.880  0.20882645E-02  0.43608487E-05  0.00000000E+00    7.527200
  3.890  0.20138551E-02  0.40556123E-05  0.00000000E+00    7.566050
  3.900  0.19418889E-02  0.37709325E-05  0.00000000E+00    7.605000
  3.910  0.18722937E-02  0.35054839E-05  0.00000000E+00    7.644050
  3.920  0.18049993E-02  0.32580225E-05  0.00000000E+00    7.683200
  3.930  0.17399370E-02  0.30273807E-05  0.00000000E+00    7.722450
  3.940  0.16770400E-02  0.28124633E-05  0.00000000E+00    7.761800
  3.950  0.16162433E-02  0.26122425E-05  0.00000000E+00    7.801250
  3.960  0.15574835E-02  0.24257548E-05  0.00000000E+00    7.840800
  3.970  0.15006988E-02  0.22520969E-05  0.00000000E+00    7.880450
  3.980  0.14458292E-02  0.20904219E-05  0.00000000E+00    7.920200
  3.990  0.13928160E-02  0.19399364E-05  0.00000000E+00    7.960050
  4.000  0.13416024E-02  0.17998970E-05  0.00000000E+00    8.000000
  4.010  0.12921329E-02  0.16696074E-05  0.00000000E+00    8.040050
  4.020  0.12443535E-02  0.15484156E-05  0.00000000E+00    8.080200
  4.030  0.11982117E-02  0.14357113E-05  0.00000000E+00    8.120450
  4.040  0.11536565E-02  0.13309233E-05  0.00000000E+00    8.160800
  4.050  0.11106381E-02  0.12335170E-05  0.00000000E+00    8.201250
  4.060  0.10691083E-02  0.11429925E-05  0.00000000E+00    8.241800
  4.070  0.10290200E-02  0.10588821E-05  0.00000000E+00    8.282450
  4.080  0.99032755E-03  0.98074865E-06  0.00000000E+00    8.323200
  4.090  0.95298656E-03  0.90818338E-06  0.00000000E+00    8.364050
  4.100  0.91695385E-03  0.84080436E-06  0.00000000E+00    8.405000
  4.110  0.88218745E-03  0.77825469E-06  0.00000000E+00    8.446050
  4.120  0.84864660E-03  0.72020104E-06  0.00000000E+00    8.487200
  4.130  0.81629168E-03  0.66633211E-06  0.00000000E+00    8.528450
  4.140  0.78508422E-03  0.61635723E-06  0.00000000E+00    8.569800
  4.150  0.75498684E-03  0.57000513E-06  0.00000000E+00    8.611250
  4.160  0.72596324E-03  0.52702263E-06  0.00000000E+00    8.652800
  4.170  0.69797818E-03  0.48717354E-06  0.00000000E+00    8.694450
  4.180  0.67099743E-03  0.45023755E-06  0.00000000E+00    8.736200
  4.190  0.64498778E-03  0.41600924E-06  0.00000000E+00    8.778050
  4.200  0.61991699E-03  0.38429707E-06  0.00000000E+00    8.820000
  4.210  0.59575375E-03  0.35492253E-06  0.00000000E+00    8.862050
  4.220  0.57246771E-03  0.32771928E-06  0.00000000E+00    8.904200
  4.230  0.55002940E-03  0.30253234E-06  0.00000000E+00    8.946450
  4.240  0.52841025E-03  0.27921739E-06  0.00000000E+00    8.988800
  4.250  0.50758253E-03  0.25764003E-06  0.00000000E+00    9.031250
  4.260  0.48751936E-03  0.23767513E-06  0.00000000E+00    9.073800
  4.270  0.46819467E-03  0.21920625E-06  0.00000000E+00    9.116450
  4.280  0.44958317E-03  0.20212503E-06  0.00000000E+00    9.159200
  4.290  0.43166037E-03  0.18633067E-06  0.00000000E+00    9.202050
  4.300  0.41440250E-03  0.17172943E-06  0.00000000E+00    9.245000
  4.310  0.39778654E-03  0.15823413E-06  0.00000000E+00    9.288050
  4.320  0.38179018E-03  0.14576374E-06  0.00000000E+00    9.331200
  4.330  0.36639179E-03  0.13424295E-06  0.00000000E+00    9.374450
  4.340  0.35157044E-03  0.12360177E-06  0.00000000E+00    9.417800
  4.350  0.33730581E-03  0.11377521E-06  0.00000000E+00    9.461250
  4.360  0.32357827E-03  0.10470290E-06  0.00000000E+00    9.504800
  4.370  0.31036876E-03  0.96328766E-07  0.00000000E+00    9.548450
  4.380  0.29765885E-03  0.88600789E-07  0.00000000E+00    9.592200
  4.390  0.28543068E-03  0.81470672E-07  0.00000000E+00    9.636050
  4.400  0.27366697E-03  0.74893609E-07  0.00000000E+00    9.680000
  4.410  0.26235098E-03  0.68828035E-07  0.00000000E+00    9.724050
  4.420  0.25146650E-03  0.63235402E-07  0.00000000E+00    9.768200
  4.430  0.24099787E-03  0.58079972E-07  0.00000000E+00    9.812450
  4.440  0.23092989E-03  0.53328613E-07  0.00000000E+00    9.856800
  4.450  0.22124788E-03  0.48950622E-07  0.00000000E+00    9.901250
  4.460  0.21193762E-03  0.44917553E-07  0.00000000E+00    9.945800
  4.470  0.20298535E-03  0.41203054E-07  0.00000000E+00    9.990450
  4.480  0.19437778E-03  0.37782721E-07  0.00000000E+00   10.035200
  4.490  0.18610202E-03  0.34633960E-07  0.00000000E+00   10.080050
  4.500  0.17814561E-03  0.31735857E-07  0.00000000E+00   10.125000
  4.510  0.17049650E-03  0.29069056E-07  0.00000000E+00   10.170050
  4.520  0.16314303E-03  0.26615650E-07  0.00000000E+00   10.215200
  4.530  0.15607394E-03  0.24359073E-07  0.00000000E+00   10.260450
  4.540  0.14927829E-03  0.22284008E-07  0.00000000E+00   10.305800
  4.550  0.14274555E-03  0.20376293E-07  0.00000000E+00   10.351250
  4.560  0.13646551E-03  0.18622835E-07  0.00000000E+00   10.396800
  4.570  0.13042829E-03  0.17011538E-07  0.00000000E+00   10.442450
  4.580  0.12462433E-03  0.15531225E-07  0.00000000E+00   10.488200
